   3.0500000e+02   6.5000000e+01   2.6000000e+01   2.6000000e+01
   1.2000000e+02   7.3000000e+01   2.1000000e+01   2.1000000e+01
   4.8800000e+02   8.0000000e+01   3.0000000e+01   3.0000000e+01
   5.3700000e+02   8.1000000e+01   2.1000000e+01   2.1000000e+01
   7.3000000e+01   8.4000000e+01   2.4000000e+01   2.4000000e+01
   5.1600000e+02   9.0000000e+01   2.4000000e+01   2.4000000e+01
   2.6000000e+02   9.3000000e+01   2.7000000e+01   2.7000000e+01
   5.7400000e+02   9.9000000e+01   2.4000000e+01   2.4000000e+01
   2.2800000e+02   1.0100000e+02   2.0000000e+01   2.0000000e+01
   6.0400000e+02   1.0600000e+02   2.7000000e+01   2.7000000e+01
   5.5800000e+02   1.0600000e+02   2.3000000e+01   2.3000000e+01
   4.7800000e+02   1.1100000e+02   2.4000000e+01   2.4000000e+01
   4.0000000e+01   1.2100000e+02   2.4000000e+01   2.4000000e+01
   3.5000000e+02   1.3000000e+02   3.2000000e+01   3.2000000e+01
   5.3400000e+02   1.3500000e+02   2.4000000e+01   2.4000000e+01
   6.8800000e+02   1.8900000e+02   1.9000000e+01   1.9000000e+01
   3.7500000e+02   2.0500000e+02   2.1000000e+01   2.1000000e+01
   5.9400000e+02   2.4600000e+02   1.8000000e+01   1.8000000e+01
   5.1300000e+02   2.4000000e+02   3.9000000e+01   3.9000000e+01
   5.2300000e+02   2.8500000e+02   1.9000000e+01   1.9000000e+01
   5.8300000e+02   1.5000000e+01   2.6000000e+01   2.6000000e+01
   4.3500000e+02   1.3100000e+02   2.9000000e+01   2.9000000e+01
   4.2600000e+02   2.4900000e+02   2.1000000e+01   2.1000000e+01
   4.9500000e+02   2.0500000e+02   3.0000000e+01   3.0000000e+01
   2.0600000e+02   6.6000000e+01   2.5000000e+01   2.5000000e+01
   6.2800000e+02   4.4500000e+02   2.8000000e+01   2.8000000e+01
   4.4700000e+02   1.5500000e+02   2.6000000e+01   2.6000000e+01
   0.0000000e+00   1.2400000e+02   2.5000000e+01   2.5000000e+01
   9.6000000e+01   1.2000000e+02   3.1000000e+01   3.1000000e+01
   4.8000000e+01   1.6000000e+02   3.0000000e+01   3.0000000e+01
   6.8100000e+02   1.9000000e+02   2.8000000e+01   2.8000000e+01
   6.1300000e+02   2.1000000e+02   2.7000000e+01   2.7000000e+01
   5.8300000e+02   2.1600000e+02   3.0000000e+01   3.0000000e+01
   6.1200000e+02   2.6000000e+02   3.1000000e+01   3.1000000e+01
   4.1200000e+02   1.4900000e+02   3.9000000e+01   3.9000000e+01
   6.3000000e+02   1.5100000e+02   3.9000000e+01   3.9000000e+01
   1.9300000e+02   9.3000000e+01   3.6000000e+01   3.6000000e+01
   5.2500000e+02   1.7900000e+02   3.9000000e+01   3.9000000e+01
   6.8500000e+02   2.1000000e+02   3.0000000e+01   3.0000000e+01
   4.4400000e+02   1.8000000e+02   4.4000000e+01   4.4000000e+01
   3.4400000e+02   1.9800000e+02   4.5000000e+01   4.5000000e+01
   3.7500000e+02   2.2200000e+02   4.1000000e+01   4.1000000e+01
   2.2500000e+02   7.5000000e+01   5.7000000e+01   5.7000000e+01
   5.9800000e+02   2.4900000e+02   5.8000000e+01   5.8000000e+01
