   2.2500000e+02   6.1000000e+01   2.2000000e+01   2.2000000e+01
   1.0500000e+02   7.9000000e+01   3.3000000e+01   3.3000000e+01
   2.9400000e+02   7.6000000e+01   2.8000000e+01   2.8000000e+01
   4.8600000e+02   7.7000000e+01   2.4000000e+01   2.4000000e+01
   2.4400000e+02   8.1000000e+01   2.5000000e+01   2.5000000e+01
   1.5600000e+02   8.4000000e+01   2.3000000e+01   2.3000000e+01
   4.6000000e+01   9.0000000e+01   2.9000000e+01   2.9000000e+01
   5.3300000e+02   9.0000000e+01   2.2000000e+01   2.2000000e+01
   5.6400000e+02   9.8000000e+01   2.2000000e+01   2.2000000e+01
   5.9900000e+02   1.0300000e+02   2.7000000e+01   2.7000000e+01
   4.3300000e+02   1.0500000e+02   2.6000000e+01   2.6000000e+01
   4.1000000e+02   1.1000000e+02   2.8000000e+01   2.8000000e+01
   2.7000000e+01   1.2900000e+02   2.5000000e+01   2.5000000e+01
   4.8100000e+02   1.2600000e+02   2.7000000e+01   2.7000000e+01
   5.9000000e+02   1.4000000e+02   1.9000000e+01   1.9000000e+01
   5.3500000e+02   2.4600000e+02   2.3000000e+01   2.3000000e+01
   6.2900000e+02   1.4800000e+02   3.0000000e+01   3.0000000e+01
   4.5800000e+02   2.7000000e+02   2.0000000e+01   2.0000000e+01
   6.6900000e+02   1.9700000e+02   2.8000000e+01   2.8000000e+01
   3.8500000e+02   2.0100000e+02   2.1000000e+01   2.1000000e+01
   6.2100000e+02   2.1600000e+02   3.8000000e+01   3.8000000e+01
   5.1100000e+02   2.2200000e+02   2.0000000e+01   2.0000000e+01
   3.7900000e+02   2.2700000e+02   2.4000000e+01   2.4000000e+01
   4.7400000e+02   2.3700000e+02   1.9000000e+01   1.9000000e+01
   1.9000000e+02   5.4000000e+01   2.1000000e+01   2.1000000e+01
   5.7500000e+02   1.1800000e+02   2.3000000e+01   2.3000000e+01
   5.2000000e+01   1.3800000e+02   2.1000000e+01   2.1000000e+01
   3.0900000e+02   9.0000000e+01   2.4000000e+01   2.4000000e+01
   8.7000000e+01   1.3400000e+02   2.7000000e+01   2.7000000e+01
   3.2200000e+02   2.3400000e+02   2.5000000e+01   2.5000000e+01
   6.1500000e+02   1.7500000e+02   3.1000000e+01   3.1000000e+01
   6.8600000e+02   2.4400000e+02   2.5000000e+01   2.5000000e+01
   6.4200000e+02   1.6800000e+02   2.9000000e+01   2.9000000e+01
   3.7900000e+02   1.6500000e+02   4.5000000e+01   4.5000000e+01
   6.8000000e+01   1.0500000e+02   4.2000000e+01   4.2000000e+01
   3.7000000e+02   2.2700000e+02   4.0000000e+01   4.0000000e+01
   5.4900000e+02   1.6600000e+02   3.6000000e+01   3.6000000e+01
   2.5800000e+02   1.7900000e+02   4.9000000e+01   4.9000000e+01
   2.9400000e+02   1.8900000e+02   4.2000000e+01   4.2000000e+01
   4.2800000e+02   2.0400000e+02   5.1000000e+01   5.1000000e+01
   5.0800000e+02   2.4700000e+02   5.0000000e+01   5.0000000e+01
   5.1900000e+02   1.8900000e+02   5.7000000e+01   5.7000000e+01
