   5.8500000e+02   3.5900000e+02   1.9000000e+01   1.9000000e+01
   2.0100000e+02   8.1000000e+01   1.9000000e+01   1.9000000e+01
   4.5600000e+02   1.1700000e+02   2.3000000e+01   2.3000000e+01
   2.4400000e+02   1.2400000e+02   2.1000000e+01   2.1000000e+01
   1.5700000e+02   1.2600000e+02   2.1000000e+01   2.1000000e+01
   9.0000000e+01   1.3800000e+02   2.1000000e+01   2.1000000e+01
   5.2100000e+02   1.3500000e+02   3.0000000e+01   3.0000000e+01
   6.7200000e+02   4.0800000e+02   1.9000000e+01   1.9000000e+01
   5.7600000e+02   1.4700000e+02   2.6000000e+01   2.6000000e+01
   1.5600000e+02   1.5800000e+02   2.1000000e+01   2.1000000e+01
   3.9100000e+02   1.8500000e+02   2.4000000e+01   2.4000000e+01
   5.7200000e+02   4.4900000e+02   2.2000000e+01   2.2000000e+01
   0.0000000e+00   2.5600000e+02   1.8000000e+01   1.8000000e+01
   9.9000000e+01   5.4700000e+02   2.1000000e+01   2.1000000e+01
   3.0000000e+00   4.1200000e+02   2.8000000e+01   2.8000000e+01
   1.0700000e+02   4.3900000e+02   2.4000000e+01   2.4000000e+01
   3.2200000e+02   4.6200000e+02   4.2000000e+01   4.2000000e+01
   8.3000000e+01   2.5800000e+02   2.9000000e+01   2.9000000e+01
   1.0800000e+02   3.2100000e+02   3.5000000e+01   3.5000000e+01
   6.6600000e+02   5.3200000e+02   2.4000000e+01   2.4000000e+01
   4.1400000e+02   4.0400000e+02   3.3000000e+01   3.3000000e+01
   6.2200000e+02   3.5700000e+02   3.0000000e+01   3.0000000e+01
   5.5800000e+02   3.4900000e+02   3.2000000e+01   3.2000000e+01
   6.6000000e+01   4.1900000e+02   5.2000000e+01   5.2000000e+01
