   2.7400000e+02   6.1000000e+01   1.8000000e+01   1.8000000e+01
   1.9600000e+02   8.0000000e+01   2.1000000e+01   2.1000000e+01
   1.6800000e+02   8.4000000e+01   2.0000000e+01   2.0000000e+01
   2.5500000e+02   1.2600000e+02   2.2000000e+01   2.2000000e+01
   1.5600000e+02   1.2900000e+02   2.2000000e+01   2.2000000e+01
   9.8000000e+01   1.4300000e+02   2.1000000e+01   2.1000000e+01
   3.8800000e+02   1.4800000e+02   2.1000000e+01   2.1000000e+01
   5.1900000e+02   1.4900000e+02   2.0000000e+01   2.0000000e+01
   1.5100000e+02   1.7100000e+02   2.2000000e+01   2.2000000e+01
   1.9200000e+02   1.8400000e+02   1.8000000e+01   1.8000000e+01
   4.4100000e+02   1.8400000e+02   2.3000000e+01   2.3000000e+01
   3.9600000e+02   1.8900000e+02   2.1000000e+01   2.1000000e+01
   4.8100000e+02   1.9000000e+02   2.3000000e+01   2.3000000e+01
   7.8000000e+01   2.6400000e+02   2.4000000e+01   2.4000000e+01
   1.4800000e+02   2.6500000e+02   2.9000000e+01   2.9000000e+01
   0.0000000e+00   2.7600000e+02   1.8000000e+01   1.8000000e+01
   5.0400000e+02   2.7800000e+02   2.0000000e+01   2.0000000e+01
   5.3100000e+02   2.8200000e+02   2.0000000e+01   2.0000000e+01
   7.0000000e+00   2.9000000e+02   2.7000000e+01   2.7000000e+01
   1.1400000e+02   3.2200000e+02   3.0000000e+01   3.0000000e+01
   4.7000000e+01   3.3200000e+02   2.7000000e+01   2.7000000e+01
   1.5800000e+02   4.0000000e+02   2.5000000e+01   2.5000000e+01
   1.8000000e+02   4.0500000e+02   3.4000000e+01   3.4000000e+01
   4.0000000e+00   4.7200000e+02   1.9000000e+01   1.9000000e+01
   4.5700000e+02   3.4800000e+02   2.3000000e+01   2.3000000e+01
   1.0000000e+00   3.3900000e+02   2.7000000e+01   2.7000000e+01
   4.6300000e+02   3.8500000e+02   2.4000000e+01   2.4000000e+01
   6.2400000e+02   3.7600000e+02   3.7000000e+01   3.7000000e+01
   1.3300000e+02   3.4100000e+02   3.2000000e+01   3.2000000e+01
   4.5800000e+02   1.6000000e+02   3.8000000e+01   3.8000000e+01
   6.6000000e+01   3.4900000e+02   3.3000000e+01   3.3000000e+01
   4.2700000e+02   2.0100000e+02   3.1000000e+01   3.1000000e+01
   4.8500000e+02   3.8100000e+02   3.5000000e+01   3.5000000e+01
   3.8700000e+02   1.9800000e+02   3.9000000e+01   3.9000000e+01
   4.5300000e+02   3.9000000e+02   4.1000000e+01   4.1000000e+01
   1.5200000e+02   3.9400000e+02   5.5000000e+01   5.5000000e+01
   4.4700000e+02   3.4100000e+02   5.2000000e+01   5.2000000e+01
