   1.5600000e+02   3.6000000e+02   1.8000000e+01   1.8000000e+01
   3.7100000e+02   7.6000000e+01   2.2000000e+01   2.2000000e+01
   2.7700000e+02   8.3000000e+01   1.8000000e+01   1.8000000e+01
   3.7900000e+02   2.0400000e+02   2.7000000e+01   2.7000000e+01
   2.0400000e+02   2.6000000e+02   2.8000000e+01   2.8000000e+01
   5.0700000e+02   2.6100000e+02   2.4000000e+01   2.4000000e+01
   5.2700000e+02   2.5800000e+02   2.2000000e+01   2.2000000e+01
   2.6500000e+02   3.0000000e+02   3.1000000e+01   3.1000000e+01
   5.7400000e+02   4.0500000e+02   3.3000000e+01   3.3000000e+01
   3.6000000e+01   4.4200000e+02   4.2000000e+01   4.2000000e+01
   2.1300000e+02   2.7500000e+02   3.4000000e+01   3.4000000e+01
   4.7700000e+02   4.2300000e+02   3.7000000e+01   3.7000000e+01
   1.0200000e+02   4.4700000e+02   3.8000000e+01   3.8000000e+01
   9.6000000e+01   4.3500000e+02   5.1000000e+01   5.1000000e+01
