   4.7100000e+02   1.9900000e+02   1.9000000e+01   1.9000000e+01
   2.7300000e+02   2.1200000e+02   2.2000000e+01   2.2000000e+01
   3.8200000e+02   2.3400000e+02   2.4000000e+01   2.4000000e+01
   3.3900000e+02   2.4600000e+02   2.9000000e+01   2.9000000e+01
   6.0900000e+02   2.4700000e+02   2.4000000e+01   2.4000000e+01
   3.7600000e+02   2.5500000e+02   2.1000000e+01   2.1000000e+01
   4.3300000e+02   2.6500000e+02   2.3000000e+01   2.3000000e+01
   5.5900000e+02   3.0700000e+02   2.1000000e+01   2.1000000e+01
   6.1900000e+02   3.2300000e+02   2.1000000e+01   2.1000000e+01
   3.4300000e+02   2.1600000e+02   2.5000000e+01   2.5000000e+01
   3.0900000e+02   2.6100000e+02   2.4000000e+01   2.4000000e+01
   4.4600000e+02   3.9300000e+02   3.1000000e+01   3.1000000e+01
   3.0600000e+02   2.0200000e+02   3.9000000e+01   3.9000000e+01
   4.6400000e+02   4.0000000e+02   4.8000000e+01   4.8000000e+01
   1.9900000e+02   3.8100000e+02   5.7000000e+01   5.7000000e+01
