   2.7300000e+02   2.0100000e+02   2.2000000e+01   2.2000000e+01
   2.2300000e+02   2.1900000e+02   2.1000000e+01   2.1000000e+01
   5.6300000e+02   2.2300000e+02   2.1000000e+01   2.1000000e+01
   3.4600000e+02   2.2800000e+02   1.9000000e+01   1.9000000e+01
   4.5300000e+02   2.2700000e+02   2.1000000e+01   2.1000000e+01
   3.6600000e+02   2.3200000e+02   2.3000000e+01   2.3000000e+01
   6.2500000e+02   2.3100000e+02   2.1000000e+01   2.1000000e+01
   3.0000000e+02   2.3400000e+02   2.3000000e+01   2.3000000e+01
   5.0000000e+02   2.3500000e+02   2.2000000e+01   2.2000000e+01
   5.9400000e+02   2.3400000e+02   2.1000000e+01   2.1000000e+01
   2.0600000e+02   2.3800000e+02   2.1000000e+01   2.1000000e+01
   1.9000000e+02   2.4300000e+02   2.0000000e+01   2.0000000e+01
   5.4100000e+02   2.4600000e+02   2.0000000e+01   2.0000000e+01
   6.3400000e+02   2.4500000e+02   2.0000000e+01   2.0000000e+01
   1.2000000e+02   2.5500000e+02   2.4000000e+01   2.4000000e+01
   1.5600000e+02   2.5200000e+02   2.4000000e+01   2.4000000e+01
   2.3400000e+02   2.5200000e+02   1.9000000e+01   1.9000000e+01
   2.5800000e+02   2.4900000e+02   2.1000000e+01   2.1000000e+01
   1.0200000e+02   2.5500000e+02   2.1000000e+01   2.1000000e+01
   5.7900000e+02   2.5500000e+02   2.3000000e+01   2.3000000e+01
   6.5100000e+02   2.5800000e+02   2.1000000e+01   2.1000000e+01
   4.6800000e+02   2.5800000e+02   2.1000000e+01   2.1000000e+01
   6.9000000e+01   2.6800000e+02   2.4000000e+01   2.4000000e+01
   2.4600000e+02   2.7100000e+02   2.2000000e+01   2.2000000e+01
   1.7300000e+02   2.8000000e+02   2.1000000e+01   2.1000000e+01
   4.5300000e+02   2.8200000e+02   2.5000000e+01   2.5000000e+01
   5.0300000e+02   3.0300000e+02   2.7000000e+01   2.7000000e+01
   5.7100000e+02   3.0900000e+02   3.0000000e+01   3.0000000e+01
   4.6200000e+02   3.0500000e+02   2.6000000e+01   2.6000000e+01
   4.6100000e+02   1.5000000e+01   2.1000000e+01   2.1000000e+01
   2.5500000e+02   3.2300000e+02   2.6000000e+01   2.6000000e+01
   3.7200000e+02   2.6200000e+02   3.3000000e+01   3.3000000e+01
   6.1600000e+02   3.3000000e+02   3.6000000e+01   3.6000000e+01
