   4.2000000e+02   1.4100000e+02   2.7000000e+01   2.7000000e+01
   1.4900000e+02   1.4900000e+02   2.3000000e+01   2.3000000e+01
   9.8000000e+01   1.5900000e+02   2.3000000e+01   2.3000000e+01
   3.7200000e+02   1.5900000e+02   2.2000000e+01   2.2000000e+01
   5.6700000e+02   1.6500000e+02   2.2000000e+01   2.2000000e+01
   1.3800000e+02   1.6800000e+02   2.3000000e+01   2.3000000e+01
   6.7600000e+02   2.4100000e+02   2.2000000e+01   2.2000000e+01
   6.5200000e+02   1.7900000e+02   2.1000000e+01   2.1000000e+01
   5.1800000e+02   2.8900000e+02   2.4000000e+01   2.4000000e+01
   2.6800000e+02   1.4200000e+02   2.3000000e+01   2.3000000e+01
   1.1100000e+02   1.6800000e+02   2.5000000e+01   2.5000000e+01
   1.6000000e+02   1.7700000e+02   2.4000000e+01   2.4000000e+01
   1.5400000e+02   2.0400000e+02   3.0000000e+01   3.0000000e+01
   3.5200000e+02   2.2200000e+02   6.2000000e+01   6.2000000e+01
