   3.2100000e+02   6.3000000e+01   2.0000000e+01   2.0000000e+01
   2.5800000e+02   8.3000000e+01   2.0000000e+01   2.0000000e+01
   4.9700000e+02   9.5000000e+01   2.4000000e+01   2.4000000e+01
   1.6100000e+02   9.8000000e+01   2.6000000e+01   2.6000000e+01
   2.3800000e+02   1.0800000e+02   2.7000000e+01   2.7000000e+01
   1.3000000e+02   1.1500000e+02   2.4000000e+01   2.4000000e+01
   5.1300000e+02   1.2000000e+02   2.3000000e+01   2.3000000e+01
   2.5500000e+02   1.2300000e+02   2.1000000e+01   2.1000000e+01
   5.7000000e+01   1.2900000e+02   3.0000000e+01   3.0000000e+01
   6.5700000e+02   1.5000000e+02   2.2000000e+01   2.2000000e+01
   1.6800000e+02   1.6800000e+02   2.6000000e+01   2.6000000e+01
   2.8000000e+02   3.2400000e+02   2.0000000e+01   2.0000000e+01
   3.5100000e+02   1.5700000e+02   2.9000000e+01   2.9000000e+01
   2.9800000e+02   1.9400000e+02   4.4000000e+01   4.4000000e+01
   5.8900000e+02   2.8100000e+02   5.5000000e+01   5.5000000e+01
