   4.0100000e+02   1.9200000e+02   2.1000000e+01   2.1000000e+01
   2.7800000e+02   1.9700000e+02   2.2000000e+01   2.2000000e+01
   3.3000000e+02   1.9500000e+02   2.0000000e+01   2.0000000e+01
   4.3300000e+02   1.9700000e+02   2.2000000e+01   2.2000000e+01
   3.1200000e+02   1.9700000e+02   1.9000000e+01   1.9000000e+01
   5.7400000e+02   2.0200000e+02   2.2000000e+01   2.2000000e+01
   6.0600000e+02   2.1000000e+02   2.6000000e+01   2.6000000e+01
   4.8700000e+02   2.1200000e+02   2.1000000e+01   2.1000000e+01
   6.5400000e+02   2.1500000e+02   2.2000000e+01   2.2000000e+01
   3.6300000e+02   2.1900000e+02   2.1000000e+01   2.1000000e+01
   6.6700000e+02   2.3200000e+02   2.2000000e+01   2.2000000e+01
   1.6200000e+02   2.4100000e+02   2.3000000e+01   2.3000000e+01
   1.9800000e+02   2.4300000e+02   2.2000000e+01   2.2000000e+01
   4.3100000e+02   2.4300000e+02   2.5000000e+01   2.5000000e+01
   3.7100000e+02   2.8200000e+02   3.1000000e+01   3.1000000e+01
