   3.5100000e+02   1.8900000e+02   2.4000000e+01   2.4000000e+01
   3.1300000e+02   1.9400000e+02   2.1000000e+01   2.1000000e+01
   3.9600000e+02   1.9200000e+02   2.3000000e+01   2.3000000e+01
   2.7700000e+02   1.9800000e+02   2.1000000e+01   2.1000000e+01
   5.1600000e+02   1.9700000e+02   1.9000000e+01   1.9000000e+01
   5.7200000e+02   2.0900000e+02   2.2000000e+01   2.2000000e+01
   6.4800000e+02   2.0900000e+02   2.2000000e+01   2.2000000e+01
   3.6800000e+02   2.1300000e+02   2.0000000e+01   2.0000000e+01
   4.9100000e+02   2.1100000e+02   2.1000000e+01   2.1000000e+01
   4.5600000e+02   5.3700000e+02   1.8000000e+01   1.8000000e+01
   6.0900000e+02   2.1200000e+02   2.5000000e+01   2.5000000e+01
   5.1300000e+02   2.2500000e+02   2.1000000e+01   2.1000000e+01
   1.7900000e+02   2.3200000e+02   1.8000000e+01   1.8000000e+01
   1.6500000e+02   2.4200000e+02   2.2000000e+01   2.2000000e+01
   4.2000000e+02   2.4200000e+02   2.4000000e+01   2.4000000e+01
   3.8800000e+02   2.8600000e+02   2.1000000e+01   2.1000000e+01
   4.7400000e+02   2.4800000e+02   2.1000000e+01   2.1000000e+01
   4.5900000e+02   2.5300000e+02   2.1000000e+01   2.1000000e+01
   3.6900000e+02   2.5600000e+02   2.4000000e+01   2.4000000e+01
   6.6800000e+02   2.4600000e+02   3.4000000e+01   3.4000000e+01
   6.5300000e+02   2.7700000e+02   2.4000000e+01   2.4000000e+01
