   6.1200000e+02   2.1200000e+02   1.9000000e+01   1.9000000e+01
   6.5200000e+02   2.0900000e+02   2.1000000e+01   2.1000000e+01
   3.7800000e+02   2.1000000e+02   2.0000000e+01   2.0000000e+01
   5.7200000e+02   2.1200000e+02   2.4000000e+01   2.4000000e+01
   3.6300000e+02   2.1700000e+02   2.1000000e+01   2.1000000e+01
   5.1600000e+02   2.2700000e+02   2.1000000e+01   2.1000000e+01
   3.5100000e+02   1.9000000e+02   2.2000000e+01   2.2000000e+01
   3.1200000e+02   1.9400000e+02   2.0000000e+01   2.0000000e+01
   1.8000000e+02   2.3500000e+02   1.8000000e+01   1.8000000e+01
   3.9500000e+02   1.9200000e+02   2.1000000e+01   2.1000000e+01
   4.3300000e+02   1.9300000e+02   2.3000000e+01   2.3000000e+01
   5.0700000e+02   1.9600000e+02   2.1000000e+01   2.1000000e+01
   4.3400000e+02   2.3800000e+02   2.4000000e+01   2.4000000e+01
   2.7300000e+02   2.0100000e+02   2.1000000e+01   2.1000000e+01
   2.0300000e+02   2.4300000e+02   2.5000000e+01   2.5000000e+01
   3.2100000e+02   2.0700000e+02   2.1000000e+01   2.1000000e+01
   4.5900000e+02   2.4700000e+02   2.4000000e+01   2.4000000e+01
   4.9600000e+02   2.4300000e+02   2.3000000e+01   2.3000000e+01
   1.5900000e+02   2.4800000e+02   2.4000000e+01   2.4000000e+01
   5.0700000e+02   2.5200000e+02   2.7000000e+01   2.7000000e+01
   3.0700000e+02   2.0400000e+02   4.2000000e+01   4.2000000e+01
