   3.5900000e+02   5.1000000e+01   2.6000000e+01   2.6000000e+01
   1.6000000e+02   6.2000000e+01   1.9000000e+01   1.9000000e+01
   2.9700000e+02   7.4000000e+01   2.7000000e+01   2.7000000e+01
   1.0900000e+02   7.5000000e+01   2.9000000e+01   2.9000000e+01
   2.3900000e+02   7.5000000e+01   3.5000000e+01   3.5000000e+01
   4.9000000e+02   7.7000000e+01   2.6000000e+01   2.6000000e+01
   4.9000000e+01   9.0000000e+01   2.5000000e+01   2.5000000e+01
   8.9000000e+01   9.0000000e+01   2.1000000e+01   2.1000000e+01
   1.5200000e+02   8.8000000e+01   2.4000000e+01   2.4000000e+01
   5.2800000e+02   9.4000000e+01   2.1000000e+01   2.1000000e+01
   5.5700000e+02   9.6000000e+01   2.2000000e+01   2.2000000e+01
   4.2700000e+02   9.8000000e+01   2.7000000e+01   2.7000000e+01
   5.9900000e+02   9.9000000e+01   2.2000000e+01   2.2000000e+01
   2.0800000e+02   9.9000000e+01   1.9000000e+01   1.9000000e+01
   1.4300000e+02   1.0500000e+02   2.1000000e+01   2.1000000e+01
   5.1600000e+02   1.0400000e+02   2.6000000e+01   2.6000000e+01
   3.7000000e+01   1.2100000e+02   2.4000000e+01   2.4000000e+01
   6.3200000e+02   1.4900000e+02   3.0000000e+01   3.0000000e+01
   6.0500000e+02   1.7800000e+02   2.1000000e+01   2.1000000e+01
   6.7400000e+02   1.9900000e+02   2.9000000e+01   2.9000000e+01
   4.1200000e+02   2.4400000e+02   1.9000000e+01   1.9000000e+01
   1.7800000e+02   6.4000000e+01   2.2000000e+01   2.2000000e+01
   6.8800000e+02   2.2200000e+02   2.1000000e+01   2.1000000e+01
   6.0600000e+02   1.2600000e+02   2.1000000e+01   2.1000000e+01
   4.9800000e+02   1.8700000e+02   2.0000000e+01   2.0000000e+01
   3.9800000e+02   1.2100000e+02   2.7000000e+01   2.7000000e+01
   5.0500000e+02   2.4900000e+02   2.7000000e+01   2.7000000e+01
   1.3200000e+02   1.0900000e+02   2.6000000e+01   2.6000000e+01
   6.0000000e+02   1.1500000e+02   2.7000000e+01   2.7000000e+01
   3.4400000e+02   9.0000000e+01   3.0000000e+01   3.0000000e+01
   5.8700000e+02   2.5700000e+02   4.5000000e+01   4.5000000e+01
   5.4400000e+02   1.6500000e+02   3.7000000e+01   3.7000000e+01
   6.2200000e+02   2.1400000e+02   5.2000000e+01   5.2000000e+01
