   2.2500000e+02   6.0000000e+01   2.3000000e+01   2.3000000e+01
   1.6200000e+02   6.7000000e+01   2.1000000e+01   2.1000000e+01
   1.1500000e+02   7.2000000e+01   2.3000000e+01   2.3000000e+01
   3.0000000e+02   7.2000000e+01   2.6000000e+01   2.6000000e+01
   1.3000000e+02   8.1000000e+01   2.4000000e+01   2.4000000e+01
   5.0100000e+02   8.0000000e+01   2.5000000e+01   2.5000000e+01
   1.1200000e+02   8.8000000e+01   2.7000000e+01   2.7000000e+01
   4.9000000e+01   8.9000000e+01   2.4000000e+01   2.4000000e+01
   5.6800000e+02   8.8000000e+01   2.2000000e+01   2.2000000e+01
   5.3400000e+02   9.0000000e+01   2.6000000e+01   2.6000000e+01
   8.2000000e+01   9.6000000e+01   2.4000000e+01   2.4000000e+01
   6.0300000e+02   9.8000000e+01   2.3000000e+01   2.3000000e+01
   6.3000000e+01   1.0200000e+02   2.1000000e+01   2.1000000e+01
   4.4800000e+02   1.0500000e+02   2.4000000e+01   2.4000000e+01
   5.6100000e+02   1.0700000e+02   2.1000000e+01   2.1000000e+01
   2.7000000e+01   1.2300000e+02   2.8000000e+01   2.8000000e+01
   3.6000000e+02   1.4100000e+02   2.9000000e+01   2.9000000e+01
   8.4000000e+01   1.4400000e+02   2.5000000e+01   2.5000000e+01
   6.4100000e+02   1.5400000e+02   3.0000000e+01   3.0000000e+01
   5.4000000e+02   1.8100000e+02   2.1000000e+01   2.1000000e+01
   4.8800000e+02   1.8600000e+02   2.2000000e+01   2.2000000e+01
   5.4400000e+02   1.9700000e+02   1.8000000e+01   1.8000000e+01
   5.2000000e+02   2.8700000e+02   1.9000000e+01   1.9000000e+01
   4.3200000e+02   2.4900000e+02   2.1000000e+01   2.1000000e+01
   4.0200000e+02   1.1200000e+02   2.8000000e+01   2.8000000e+01
   6.8100000e+02   1.9500000e+02   2.9000000e+01   2.9000000e+01
   2.4700000e+02   8.0000000e+01   2.8000000e+01   2.8000000e+01
   6.2100000e+02   1.7200000e+02   3.3000000e+01   3.3000000e+01
   5.9900000e+02   2.0500000e+02   3.6000000e+01   3.6000000e+01
   3.8700000e+02   1.6200000e+02   4.0000000e+01   4.0000000e+01
   5.5900000e+02   1.0500000e+02   3.6000000e+01   3.6000000e+01
   5.1300000e+02   2.3700000e+02   5.0000000e+01   5.0000000e+01
   5.9200000e+02   1.0500000e+02   4.2000000e+01   4.2000000e+01
   4.1700000e+02   2.1500000e+02   4.9000000e+01   4.9000000e+01
   6.1300000e+02   1.2500000e+02   5.6000000e+01   5.6000000e+01
