   6.3100000e+02   3.2600000e+02   2.7000000e+01   2.7000000e+01
   5.5200000e+02   7.7000000e+01   2.0000000e+01   2.0000000e+01
   2.6600000e+02   9.5000000e+01   1.8000000e+01   1.8000000e+01
   3.0000000e+02   9.5000000e+01   2.1000000e+01   2.1000000e+01
   4.6500000e+02   1.1900000e+02   2.1000000e+01   2.1000000e+01
   5.0400000e+02   1.2600000e+02   2.3000000e+01   2.3000000e+01
   5.4800000e+02   1.2900000e+02   1.9000000e+01   1.9000000e+01
   5.8300000e+02   1.3200000e+02   2.2000000e+01   2.2000000e+01
   2.5900000e+02   1.3800000e+02   2.0000000e+01   2.0000000e+01
   5.1200000e+02   1.4600000e+02   1.8000000e+01   1.8000000e+01
   2.0400000e+02   1.4700000e+02   1.9000000e+01   1.9000000e+01
   3.1800000e+02   4.9800000e+02   2.4000000e+01   2.4000000e+01
   2.5300000e+02   1.5900000e+02   2.2000000e+01   2.2000000e+01
   1.5500000e+02   1.6800000e+02   2.7000000e+01   2.7000000e+01
   2.1800000e+02   1.6800000e+02   1.8000000e+01   1.8000000e+01
   1.4200000e+02   5.5200000e+02   1.9000000e+01   1.9000000e+01
   2.4000000e+02   2.1100000e+02   2.5000000e+01   2.5000000e+01
   2.8000000e+02   2.1900000e+02   2.4000000e+01   2.4000000e+01
   1.7200000e+02   2.3300000e+02   1.8000000e+01   1.8000000e+01
   7.6000000e+01   3.0400000e+02   3.4000000e+01   3.4000000e+01
   2.6700000e+02   2.3800000e+02   2.4000000e+01   2.4000000e+01
   1.1200000e+02   2.6400000e+02   2.7000000e+01   2.7000000e+01
   6.2800000e+02   3.4500000e+02   2.2000000e+01   2.2000000e+01
   1.8000000e+02   2.0200000e+02   2.4000000e+01   2.4000000e+01
   5.0700000e+02   2.0400000e+02   2.4000000e+01   2.4000000e+01
   1.3300000e+02   4.1800000e+02   3.3000000e+01   3.3000000e+01
   2.1900000e+02   4.2300000e+02   2.7000000e+01   2.7000000e+01
   5.8400000e+02   4.5000000e+02   3.2000000e+01   3.2000000e+01
   5.6100000e+02   2.7100000e+02   3.5000000e+01   3.5000000e+01
   2.6300000e+02   4.2800000e+02   4.2000000e+01   4.2000000e+01
