   6.2400000e+02   3.2800000e+02   3.0000000e+01   3.0000000e+01
   6.7400000e+02   3.2800000e+02   2.2000000e+01   2.2000000e+01
   6.5700000e+02   3.4700000e+02   2.4000000e+01   2.4000000e+01
   5.8700000e+02   7.6000000e+01   1.8000000e+01   1.8000000e+01
   4.4500000e+02   7.7000000e+01   1.8000000e+01   1.8000000e+01
   4.1900000e+02   8.9000000e+01   1.9000000e+01   1.9000000e+01
   2.6700000e+02   9.4000000e+01   1.8000000e+01   1.8000000e+01
   3.0100000e+02   9.7000000e+01   2.1000000e+01   2.1000000e+01
   2.1600000e+02   1.1400000e+02   2.0000000e+01   2.0000000e+01
   2.5200000e+02   1.1900000e+02   2.0000000e+01   2.0000000e+01
   4.6300000e+02   1.2100000e+02   2.1000000e+01   2.1000000e+01
   5.1000000e+02   1.2500000e+02   2.2000000e+01   2.2000000e+01
   5.8400000e+02   1.3200000e+02   2.2000000e+01   2.2000000e+01
   2.9600000e+02   1.4600000e+02   2.1000000e+01   2.1000000e+01
   5.2300000e+02   1.5500000e+02   1.9000000e+01   1.9000000e+01
   2.1300000e+02   1.6900000e+02   2.3000000e+01   2.3000000e+01
   5.6400000e+02   1.7400000e+02   2.1000000e+01   2.1000000e+01
   1.9700000e+02   1.7200000e+02   1.8000000e+01   1.8000000e+01
   2.8700000e+02   1.9500000e+02   2.1000000e+01   2.1000000e+01
   4.9900000e+02   1.9800000e+02   2.1000000e+01   2.1000000e+01
   1.7900000e+02   2.0700000e+02   2.9000000e+01   2.9000000e+01
   2.3700000e+02   2.0600000e+02   2.7000000e+01   2.7000000e+01
   3.0400000e+02   2.1100000e+02   1.8000000e+01   1.8000000e+01
   4.5400000e+02   2.6700000e+02   2.1000000e+01   2.1000000e+01
   1.0300000e+02   2.7300000e+02   2.7000000e+01   2.7000000e+01
   2.0900000e+02   2.4600000e+02   2.4000000e+01   2.4000000e+01
   4.8800000e+02   2.9000000e+02   2.0000000e+01   2.0000000e+01
   7.5000000e+01   3.0400000e+02   3.2000000e+01   3.2000000e+01
   1.3400000e+02   3.1700000e+02   3.2000000e+01   3.2000000e+01
   1.6100000e+02   3.3400000e+02   2.0000000e+01   2.0000000e+01
   1.4400000e+02   3.4900000e+02   2.2000000e+01   2.2000000e+01
   1.6600000e+02   2.6700000e+02   2.0000000e+01   2.0000000e+01
   2.6900000e+02   2.5200000e+02   2.4000000e+01   2.4000000e+01
   5.3100000e+02   2.5200000e+02   2.9000000e+01   2.9000000e+01
   5.9200000e+02   2.8300000e+02   2.1000000e+01   2.1000000e+01
   6.3900000e+02   2.8100000e+02   2.3000000e+01   2.3000000e+01
   5.4600000e+02   2.2300000e+02   2.4000000e+01   2.4000000e+01
   1.7800000e+02   1.3500000e+02   2.6000000e+01   2.6000000e+01
   2.6200000e+02   4.2800000e+02   3.8000000e+01   3.8000000e+01
   5.5200000e+02   3.2600000e+02   3.3000000e+01   3.3000000e+01
   1.3400000e+02   4.2000000e+02   3.2000000e+01   3.2000000e+01
   2.9700000e+02   2.1200000e+02   2.8000000e+01   2.8000000e+01
   5.6300000e+02   2.7100000e+02   3.0000000e+01   3.0000000e+01
   6.3100000e+02   4.4900000e+02   3.1000000e+01   3.1000000e+01
