   4.1900000e+02   5.6000000e+01   1.9000000e+01   1.9000000e+01
   4.4000000e+02   1.0800000e+02   2.1000000e+01   2.1000000e+01
   3.7200000e+02   1.1200000e+02   2.1000000e+01   2.1000000e+01
   5.0200000e+02   1.1200000e+02   2.1000000e+01   2.1000000e+01
   5.4400000e+02   1.6900000e+02   1.9000000e+01   1.9000000e+01
   3.6000000e+02   1.7100000e+02   1.9000000e+01   1.9000000e+01
   2.3400000e+02   1.7800000e+02   2.1000000e+01   2.1000000e+01
   3.8600000e+02   1.7700000e+02   1.9000000e+01   1.9000000e+01
   1.7300000e+02   1.9200000e+02   1.8000000e+01   1.8000000e+01
   1.8600000e+02   1.9500000e+02   2.1000000e+01   2.1000000e+01
   2.1300000e+02   1.9800000e+02   2.1000000e+01   2.1000000e+01
   3.0600000e+02   1.9600000e+02   2.0000000e+01   2.0000000e+01
   9.4000000e+01   2.6000000e+02   2.5000000e+01   2.5000000e+01
   4.3200000e+02   2.0100000e+02   1.8000000e+01   1.8000000e+01
   5.8400000e+02   2.0200000e+02   2.2000000e+01   2.2000000e+01
   4.6400000e+02   2.7500000e+02   3.0000000e+01   3.0000000e+01
   2.2300000e+02   2.8700000e+02   1.8000000e+01   1.8000000e+01
   5.0900000e+02   2.2500000e+02   1.8000000e+01   1.8000000e+01
   2.1300000e+02   2.2900000e+02   2.1000000e+01   2.1000000e+01
   9.0000000e+00   3.0000000e+02   2.2000000e+01   2.2000000e+01
   5.8600000e+02   1.4800000e+02   2.1000000e+01   2.1000000e+01
   3.7500000e+02   1.4200000e+02   2.3000000e+01   2.3000000e+01
   3.3000000e+02   2.7300000e+02   3.6000000e+01   3.6000000e+01
   3.1000000e+02   1.6800000e+02   3.0000000e+01   3.0000000e+01
