   2.4300000e+02   1.7400000e+02   2.4000000e+01   2.4000000e+01
   1.7100000e+02   1.8200000e+02   2.3000000e+01   2.3000000e+01
   2.8100000e+02   1.8900000e+02   2.2000000e+01   2.2000000e+01
   3.8800000e+02   1.9000000e+02   2.2000000e+01   2.2000000e+01
   2.6200000e+02   1.9800000e+02   2.1000000e+01   2.1000000e+01
   4.8100000e+02   2.0500000e+02   2.1000000e+01   2.1000000e+01
   2.4900000e+02   2.1000000e+02   2.5000000e+01   2.5000000e+01
   2.2200000e+02   2.1600000e+02   2.5000000e+01   2.5000000e+01
   4.6500000e+02   2.1600000e+02   2.1000000e+01   2.1000000e+01
   1.8400000e+02   2.2400000e+02   2.1000000e+01   2.1000000e+01
   1.4100000e+02   2.2500000e+02   2.5000000e+01   2.5000000e+01
   1.7100000e+02   2.3000000e+02   2.0000000e+01   2.0000000e+01
   2.4300000e+02   2.3500000e+02   2.0000000e+01   2.0000000e+01
   2.0800000e+02   2.7900000e+02   2.1000000e+01   2.1000000e+01
   4.4400000e+02   2.8800000e+02   2.3000000e+01   2.3000000e+01
   2.8000000e+02   4.6800000e+02   2.1000000e+01   2.1000000e+01
   5.2700000e+02   3.1800000e+02   2.0000000e+01   2.0000000e+01
   3.2100000e+02   4.7000000e+02   2.3000000e+01   2.3000000e+01
   4.0500000e+02   4.4100000e+02   2.4000000e+01   2.4000000e+01
   2.8800000e+02   2.8700000e+02   3.0000000e+01   3.0000000e+01
   5.2000000e+02   2.9300000e+02   3.3000000e+01   3.3000000e+01
   2.0100000e+02   1.9600000e+02   3.0000000e+01   3.0000000e+01
   4.2000000e+02   2.4500000e+02   3.0000000e+01   3.0000000e+01
   4.1700000e+02   2.9300000e+02   3.5000000e+01   3.5000000e+01
   2.7900000e+02   3.0700000e+02   4.5000000e+01   4.5000000e+01
   2.7100000e+02   1.8000000e+02   4.5000000e+01   4.5000000e+01
