   1.6200000e+02   1.4100000e+02   1.8000000e+01   1.8000000e+01
   3.2700000e+02   1.4100000e+02   1.8000000e+01   1.8000000e+01
   8.7000000e+01   1.4400000e+02   1.9000000e+01   1.9000000e+01
   2.7600000e+02   1.4700000e+02   2.0000000e+01   2.0000000e+01
   6.2000000e+01   1.5000000e+02   2.0000000e+01   2.0000000e+01
   3.0000000e+01   1.6000000e+02   2.0000000e+01   2.0000000e+01
   3.8100000e+02   1.6200000e+02   1.8000000e+01   1.8000000e+01
   2.1500000e+02   1.6400000e+02   1.9000000e+01   1.9000000e+01
   3.9900000e+02   1.6500000e+02   1.9000000e+01   1.9000000e+01
   2.4600000e+02   1.7500000e+02   2.1000000e+01   2.1000000e+01
   2.0400000e+02   1.8600000e+02   2.1000000e+01   2.1000000e+01
   4.1600000e+02   1.8600000e+02   1.9000000e+01   1.9000000e+01
   1.6600000e+02   1.9200000e+02   2.0000000e+01   2.0000000e+01
   2.8600000e+02   1.9200000e+02   2.5000000e+01   2.5000000e+01
   1.7100000e+02   2.2900000e+02   2.0000000e+01   2.0000000e+01
   8.4000000e+01   2.3100000e+02   2.4000000e+01   2.4000000e+01
   1.9800000e+02   2.3900000e+02   2.1000000e+01   2.1000000e+01
   2.8100000e+02   2.4600000e+02   1.9000000e+01   1.9000000e+01
   5.9600000e+02   2.4900000e+02   2.1000000e+01   2.1000000e+01
   2.3100000e+02   2.5800000e+02   2.4000000e+01   2.4000000e+01
   3.4400000e+02   2.5900000e+02   1.8000000e+01   1.8000000e+01
   3.8000000e+02   2.6100000e+02   2.1000000e+01   2.1000000e+01
   1.2800000e+02   1.5700000e+02   3.0000000e+01   3.0000000e+01
   1.5100000e+02   1.8000000e+02   2.2000000e+01   2.2000000e+01
   5.6000000e+01   1.9700000e+02   2.7000000e+01   2.7000000e+01
   4.2000000e+02   2.8900000e+02   2.7000000e+01   2.7000000e+01
   5.7000000e+01   1.6100000e+02   2.7000000e+01   2.7000000e+01
   1.6200000e+02   2.0100000e+02   3.0000000e+01   3.0000000e+01
   1.2700000e+02   1.8100000e+02   3.2000000e+01   3.2000000e+01
   1.6400000e+02   1.8700000e+02   3.3000000e+01   3.3000000e+01
   1.5300000e+02   1.5300000e+02   3.8000000e+01   3.8000000e+01
   2.5100000e+02   1.8100000e+02   3.9000000e+01   3.9000000e+01
   5.3800000e+02   2.2800000e+02   4.2000000e+01   4.2000000e+01
   4.1200000e+02   2.4900000e+02   4.8000000e+01   4.8000000e+01
   8.2000000e+01   2.0100000e+02   6.2000000e+01   6.2000000e+01
