   3.2400000e+02   6.3000000e+01   2.1000000e+01   2.1000000e+01
   2.5400000e+02   8.1000000e+01   1.9000000e+01   1.9000000e+01
   3.9700000e+02   8.6000000e+01   2.3000000e+01   2.3000000e+01
   1.6400000e+02   9.5000000e+01   2.3000000e+01   2.3000000e+01
   4.9500000e+02   9.9000000e+01   2.3000000e+01   2.3000000e+01
   1.7200000e+02   1.0500000e+02   1.8000000e+01   1.8000000e+01
   2.4600000e+02   1.0500000e+02   2.4000000e+01   2.4000000e+01
   1.3400000e+02   1.2100000e+02   2.4000000e+01   2.4000000e+01
   5.1300000e+02   1.2000000e+02   2.3000000e+01   2.3000000e+01
   5.4000000e+01   1.2900000e+02   2.9000000e+01   2.9000000e+01
   1.8500000e+02   1.4700000e+02   2.5000000e+01   2.5000000e+01
   6.6000000e+02   1.6200000e+02   2.7000000e+01   2.7000000e+01
   2.1100000e+02   1.6600000e+02   2.0000000e+01   2.0000000e+01
   2.5500000e+02   1.2300000e+02   2.2000000e+01   2.2000000e+01
   3.6300000e+02   1.4400000e+02   3.1000000e+01   3.1000000e+01
   3.5900000e+02   1.5900000e+02   2.6000000e+01   2.6000000e+01
   3.0000000e+02   1.9300000e+02   4.1000000e+01   4.1000000e+01
   5.9700000e+02   2.8200000e+02   4.8000000e+01   4.8000000e+01
   3.9300000e+02   9.9000000e+01   3.9000000e+01   3.9000000e+01
