   1.0300000e+02   2.5200000e+02   2.2000000e+01   2.2000000e+01
   1.2000000e+02   2.5500000e+02   2.4000000e+01   2.4000000e+01
   1.5900000e+02   2.5000000e+02   2.2000000e+01   2.2000000e+01
   2.7600000e+02   2.0400000e+02   2.0000000e+01   2.0000000e+01
   3.4300000e+02   2.1700000e+02   2.4000000e+01   2.4000000e+01
   5.2400000e+02   2.5900000e+02   2.3000000e+01   2.3000000e+01
   5.6100000e+02   2.2200000e+02   2.0000000e+01   2.0000000e+01
   1.9800000e+02   2.2500000e+02   1.9000000e+01   1.9000000e+01
   4.6100000e+02   2.3100000e+02   2.0000000e+01   2.0000000e+01
   3.0300000e+02   2.3100000e+02   2.2000000e+01   2.2000000e+01
   5.9500000e+02   2.3400000e+02   2.1000000e+01   2.1000000e+01
   1.8200000e+02   2.4000000e+02   2.0000000e+01   2.0000000e+01
   4.9900000e+02   2.3700000e+02   2.2000000e+01   2.2000000e+01
   6.3000000e+02   2.4300000e+02   2.3000000e+01   2.3000000e+01
   5.8000000e+01   2.7500000e+02   2.3000000e+01   2.3000000e+01
   1.6500000e+02   2.7300000e+02   2.4000000e+01   2.4000000e+01
   2.7000000e+02   2.4900000e+02   1.9000000e+01   1.9000000e+01
   6.5600000e+02   2.4900000e+02   2.1000000e+01   2.1000000e+01
   4.3500000e+02   2.7900000e+02   2.7000000e+01   2.7000000e+01
   6.5300000e+02   2.9900000e+02   2.1000000e+01   2.1000000e+01
   4.6000000e+02   3.0400000e+02   2.7000000e+01   2.7000000e+01
   2.9400000e+02   3.0900000e+02   2.1000000e+01   2.1000000e+01
   5.0500000e+02   3.1300000e+02   2.5000000e+01   2.5000000e+01
   2.5600000e+02   3.2600000e+02   2.2000000e+01   2.2000000e+01
   1.7400000e+02   2.9700000e+02   2.9000000e+01   2.9000000e+01
