   3.2500000e+02   3.3400000e+02   2.4000000e+01   2.4000000e+01
   4.2400000e+02   3.5300000e+02   2.3000000e+01   2.3000000e+01
   2.6100000e+02   3.6700000e+02   2.1000000e+01   2.1000000e+01
   2.4500000e+02   2.5300000e+02   1.9000000e+01   1.9000000e+01
   2.8800000e+02   2.4900000e+02   2.1000000e+01   2.1000000e+01
   2.2800000e+02   2.5500000e+02   1.9000000e+01   1.9000000e+01
   3.3100000e+02   2.5800000e+02   2.2000000e+01   2.2000000e+01
   3.8900000e+02   2.6500000e+02   2.2000000e+01   2.2000000e+01
   1.8500000e+02   2.7300000e+02   2.5000000e+01   2.5000000e+01
   1.3800000e+02   2.7000000e+02   2.2000000e+01   2.2000000e+01
   3.6300000e+02   2.7600000e+02   2.4000000e+01   2.4000000e+01
   1.1400000e+02   2.8000000e+02   2.1000000e+01   2.1000000e+01
   5.0700000e+02   2.8000000e+02   2.1000000e+01   2.1000000e+01
   5.1200000e+02   3.9100000e+02   2.0000000e+01   2.0000000e+01
   4.5500000e+02   2.8200000e+02   2.4000000e+01   2.4000000e+01
   5.3700000e+02   2.8200000e+02   2.1000000e+01   2.1000000e+01
   4.6000000e+01   2.8700000e+02   2.4000000e+01   2.4000000e+01
   4.7600000e+02   2.9400000e+02   2.2000000e+01   2.2000000e+01
   5.7600000e+02   2.9200000e+02   2.1000000e+01   2.1000000e+01
   6.3900000e+02   3.0000000e+02   2.0000000e+01   2.0000000e+01
   6.0300000e+02   3.0800000e+02   2.1000000e+01   2.1000000e+01
   5.2800000e+02   3.1500000e+02   2.7000000e+01   2.7000000e+01
   2.2700000e+02   3.1500000e+02   2.4000000e+01   2.4000000e+01
   3.7000000e+02   3.1500000e+02   2.5000000e+01   2.5000000e+01
   9.8000000e+01   3.1500000e+02   2.1000000e+01   2.1000000e+01
   1.0400000e+02   2.9600000e+02   2.4000000e+01   2.4000000e+01
   5.7300000e+02   1.4000000e+01   2.3000000e+01   2.3000000e+01
   2.9800000e+02   2.6700000e+02   3.2000000e+01   3.2000000e+01
   6.0000000e+01   3.0900000e+02   3.0000000e+01   3.0000000e+01
   3.0600000e+02   2.3400000e+02   4.5000000e+01   4.5000000e+01
   5.6000000e+01   3.0800000e+02   4.2000000e+01   4.2000000e+01
