   4.2300000e+02   1.4400000e+02   2.7000000e+01   2.7000000e+01
   1.5100000e+02   1.5000000e+02   2.2000000e+01   2.2000000e+01
   8.4000000e+01   1.6200000e+02   2.3000000e+01   2.3000000e+01
   3.7200000e+02   1.5900000e+02   2.4000000e+01   2.4000000e+01
   5.7500000e+02   1.6800000e+02   2.1000000e+01   2.1000000e+01
   5.7900000e+02   1.7900000e+02   1.8000000e+01   1.8000000e+01
   6.5000000e+02   1.8300000e+02   1.9000000e+01   1.9000000e+01
   2.5200000e+02   2.3700000e+02   2.2000000e+01   2.2000000e+01
   6.7900000e+02   2.4000000e+02   2.1000000e+01   2.1000000e+01
   5.1700000e+02   2.8900000e+02   2.6000000e+01   2.6000000e+01
   9.8000000e+01   1.6500000e+02   2.7000000e+01   2.7000000e+01
   1.3800000e+02   1.6600000e+02   3.1000000e+01   3.1000000e+01
   4.4300000e+02   1.9000000e+02   3.5000000e+01   3.5000000e+01
   4.2700000e+02   2.4500000e+02   3.9000000e+01   3.9000000e+01
   3.0100000e+02   2.5500000e+02   4.0000000e+01   4.0000000e+01
