   3.2600000e+02   6.5000000e+01   1.9000000e+01   1.9000000e+01
   4.9900000e+02   9.9000000e+01   2.4000000e+01   2.4000000e+01
   1.5900000e+02   9.9000000e+01   2.5000000e+01   2.5000000e+01
   1.3700000e+02   1.1700000e+02   2.2000000e+01   2.2000000e+01
   5.1700000e+02   1.2100000e+02   2.3000000e+01   2.3000000e+01
   6.0500000e+02   1.2000000e+02   2.1000000e+01   2.1000000e+01
   8.1000000e+01   1.2600000e+02   2.3000000e+01   2.3000000e+01
   6.0900000e+02   1.3500000e+02   2.1000000e+01   2.1000000e+01
   6.6400000e+02   1.5600000e+02   3.0000000e+01   3.0000000e+01
   2.2800000e+02   1.5200000e+02   2.7000000e+01   2.7000000e+01
   3.5400000e+02   1.5900000e+02   3.3000000e+01   3.3000000e+01
   2.7500000e+02   1.8700000e+02   3.5000000e+01   3.5000000e+01
   6.1200000e+02   2.8500000e+02   3.7000000e+01   3.7000000e+01
   5.1000000e+02   1.2300000e+02   3.6000000e+01   3.6000000e+01
