   4.6700000e+02   3.6700000e+02   2.3000000e+01   2.3000000e+01
   5.3100000e+02   3.7200000e+02   2.1000000e+01   2.1000000e+01
   5.9800000e+02   3.7200000e+02   2.4000000e+01   2.4000000e+01
   4.6800000e+02   3.8400000e+02   1.8000000e+01   1.8000000e+01
   4.5000000e+01   3.8800000e+02   1.9000000e+01   1.9000000e+01
   4.6500000e+02   4.7800000e+02   2.1000000e+01   2.1000000e+01
   1.6000000e+01   5.1700000e+02   1.9000000e+01   1.9000000e+01
   4.8900000e+02   3.1600000e+02   3.0000000e+01   3.0000000e+01
   5.4000000e+02   3.4900000e+02   2.4000000e+01   2.4000000e+01
   5.3600000e+02   3.4600000e+02   5.0000000e+01   5.0000000e+01
