   4.3200000e+02   1.2600000e+02   2.3000000e+01   2.3000000e+01
   4.7400000e+02   1.2700000e+02   2.1000000e+01   2.1000000e+01
   2.8600000e+02   1.7900000e+02   2.1000000e+01   2.1000000e+01
   4.1000000e+02   1.9800000e+02   2.1000000e+01   2.1000000e+01
   1.7500000e+02   2.3000000e+02   3.0000000e+01   3.0000000e+01
   3.6000000e+02   3.9600000e+02   2.0000000e+01   2.0000000e+01
   1.9500000e+02   3.9800000e+02   1.8000000e+01   1.8000000e+01
   3.9900000e+02   4.1600000e+02   1.8000000e+01   1.8000000e+01
   4.1100000e+02   2.4900000e+02   3.3000000e+01   3.3000000e+01
   3.9300000e+02   3.7700000e+02   2.9000000e+01   2.9000000e+01
