   3.8300000e+02   1.4100000e+02   1.8000000e+01   1.8000000e+01
   3.9600000e+02   1.4600000e+02   2.1000000e+01   2.1000000e+01
   5.2000000e+02   1.4900000e+02   2.3000000e+01   2.3000000e+01
   3.5100000e+02   1.5300000e+02   2.0000000e+01   2.0000000e+01
   3.7900000e+02   1.5300000e+02   1.9000000e+01   1.9000000e+01
   4.4200000e+02   1.5300000e+02   1.9000000e+01   1.9000000e+01
   5.5800000e+02   1.6900000e+02   2.1000000e+01   2.1000000e+01
   6.5700000e+02   1.7000000e+02   2.1000000e+01   2.1000000e+01
   5.0800000e+02   1.8300000e+02   2.1000000e+01   2.1000000e+01
   2.3900000e+02   1.9300000e+02   2.1000000e+01   2.1000000e+01
   1.8600000e+02   1.9500000e+02   2.3000000e+01   2.3000000e+01
   1.6700000e+02   2.0700000e+02   2.3000000e+01   2.3000000e+01
   2.0400000e+02   2.0600000e+02   2.3000000e+01   2.3000000e+01
   6.0000000e+00   3.4500000e+02   2.2000000e+01   2.2000000e+01
   8.7000000e+01   2.1600000e+02   2.1000000e+01   2.1000000e+01
   1.2900000e+02   2.1500000e+02   2.2000000e+01   2.2000000e+01
   2.2400000e+02   2.2100000e+02   1.9000000e+01   1.9000000e+01
   1.3800000e+02   2.2800000e+02   2.1000000e+01   2.1000000e+01
   6.9000000e+01   2.3100000e+02   2.9000000e+01   2.9000000e+01
   2.6000000e+02   4.1000000e+02   2.0000000e+01   2.0000000e+01
   5.4300000e+02   2.5500000e+02   2.4000000e+01   2.4000000e+01
   3.8300000e+02   2.7800000e+02   2.7000000e+01   2.7000000e+01
   4.9600000e+02   2.8100000e+02   2.7000000e+01   2.7000000e+01
   3.8900000e+02   3.0600000e+02   2.7000000e+01   2.7000000e+01
   4.9400000e+02   2.0900000e+02   2.7000000e+01   2.7000000e+01
   2.0400000e+02   2.5100000e+02   2.2000000e+01   2.2000000e+01
   4.5300000e+02   2.8500000e+02   2.9000000e+01   2.9000000e+01
   1.0500000e+02   2.2800000e+02   2.1000000e+01   2.1000000e+01
   3.4100000e+02   2.6500000e+02   2.7000000e+01   2.7000000e+01
   3.8100000e+02   2.0600000e+02   2.4000000e+01   2.4000000e+01
   3.7600000e+02   1.5400000e+02   2.7000000e+01   2.7000000e+01
   8.2000000e+01   2.5000000e+02   3.2000000e+01   3.2000000e+01
   4.3200000e+02   1.8800000e+02   3.3000000e+01   3.3000000e+01
   2.1800000e+02   2.1300000e+02   3.1000000e+01   3.1000000e+01
