   2.2500000e+02   1.1700000e+02   1.8000000e+01   1.8000000e+01
   2.0100000e+02   1.2300000e+02   2.1000000e+01   2.1000000e+01
   1.2700000e+02   1.2300000e+02   2.3000000e+01   2.3000000e+01
   6.0000000e+01   1.3300000e+02   2.2000000e+01   2.2000000e+01
   2.6700000e+02   1.3900000e+02   2.2000000e+01   2.2000000e+01
   2.9800000e+02   1.4100000e+02   2.1000000e+01   2.1000000e+01
   5.0400000e+02   4.0000000e+02   1.8000000e+01   1.8000000e+01
   2.6400000e+02   1.6700000e+02   1.8000000e+01   1.8000000e+01
   3.5700000e+02   1.7000000e+02   2.4000000e+01   2.4000000e+01
   3.3600000e+02   2.0100000e+02   2.2000000e+01   2.2000000e+01
   4.7600000e+02   3.0200000e+02   3.6000000e+01   3.6000000e+01
   2.4400000e+02   2.8300000e+02   4.8000000e+01   4.8000000e+01
