   5.9400000e+02   3.3400000e+02   1.9000000e+01   1.9000000e+01
   2.7100000e+02   1.2200000e+02   2.1000000e+01   2.1000000e+01
   4.0000000e+01   1.7200000e+02   2.2000000e+01   2.2000000e+01
   1.8300000e+02   1.8900000e+02   2.3000000e+01   2.3000000e+01
   4.0700000e+02   1.9500000e+02   1.9000000e+01   1.9000000e+01
   4.7900000e+02   2.0700000e+02   2.1000000e+01   2.1000000e+01
   2.8600000e+02   2.1300000e+02   2.0000000e+01   2.0000000e+01
   4.6400000e+02   2.2200000e+02   2.1000000e+01   2.1000000e+01
   6.0900000e+02   2.4600000e+02   2.1000000e+01   2.1000000e+01
   3.1500000e+02   2.6600000e+02   2.3000000e+01   2.3000000e+01
   3.8000000e+02   3.0900000e+02   1.8000000e+01   1.8000000e+01
   5.6000000e+02   3.0800000e+02   1.9000000e+01   1.9000000e+01
   3.3300000e+02   2.8200000e+02   1.9000000e+01   1.9000000e+01
   3.6500000e+02   3.1900000e+02   1.9000000e+01   1.9000000e+01
   4.0000000e+02   4.4200000e+02   2.2000000e+01   2.2000000e+01
   5.7200000e+02   5.2300000e+02   2.4000000e+01   2.4000000e+01
   4.0300000e+02   2.9700000e+02   4.0000000e+01   4.0000000e+01
   3.8300000e+02   2.0700000e+02   4.1000000e+01   4.1000000e+01
   1.9900000e+02   3.8000000e+02   5.8000000e+01   5.8000000e+01
   3.9000000e+02   2.9400000e+02   6.0000000e+01   6.0000000e+01
