   2.7600000e+02   2.0900000e+02   1.9000000e+01   1.9000000e+01
   1.9600000e+02   2.2300000e+02   1.9000000e+01   1.9000000e+01
   3.4200000e+02   2.2200000e+02   2.2000000e+01   2.2000000e+01
   4.6100000e+02   2.2600000e+02   2.2000000e+01   2.2000000e+01
   6.9000000e+01   2.2600000e+02   3.0000000e+01   3.0000000e+01
   3.0700000e+02   2.3200000e+02   2.1000000e+01   2.1000000e+01
   4.9500000e+02   2.3100000e+02   2.4000000e+01   2.4000000e+01
   5.5700000e+02   2.3400000e+02   2.0000000e+01   2.0000000e+01
   6.2700000e+02   2.3200000e+02   2.1000000e+01   2.1000000e+01
   1.7600000e+02   2.4000000e+02   2.1000000e+01   2.1000000e+01
   5.2800000e+02   2.4600000e+02   2.1000000e+01   2.1000000e+01
   5.8500000e+02   2.3800000e+02   2.7000000e+01   2.7000000e+01
   1.9000000e+02   2.4900000e+02   2.2000000e+01   2.2000000e+01
   2.7800000e+02   2.4900000e+02   2.2000000e+01   2.2000000e+01
   8.7000000e+01   2.5800000e+02   2.1000000e+01   2.1000000e+01
   1.0400000e+02   2.5400000e+02   2.2000000e+01   2.2000000e+01
   1.2000000e+02   2.5500000e+02   2.4000000e+01   2.4000000e+01
   6.4600000e+02   2.9500000e+02   2.3000000e+01   2.3000000e+01
   2.9700000e+02   2.9800000e+02   2.4000000e+01   2.4000000e+01
   1.5100000e+02   2.5500000e+02   2.3000000e+01   2.3000000e+01
   4.4800000e+02   2.7900000e+02   2.3000000e+01   2.3000000e+01
   1.6900000e+02   2.8300000e+02   2.3000000e+01   2.3000000e+01
   2.3700000e+02   2.6800000e+02   2.9000000e+01   2.9000000e+01
   2.8500000e+02   2.9700000e+02   5.2000000e+01   5.2000000e+01
