   2.7600000e+02   2.0600000e+02   2.1000000e+01   2.1000000e+01
   1.9700000e+02   2.2500000e+02   1.9000000e+01   1.9000000e+01
   3.4800000e+02   2.2200000e+02   2.1000000e+01   2.1000000e+01
   5.5600000e+02   2.3200000e+02   2.1000000e+01   2.1000000e+01
   3.0000000e+02   2.3400000e+02   2.2000000e+01   2.2000000e+01
   3.6100000e+02   2.3100000e+02   2.2000000e+01   2.2000000e+01
   5.0600000e+02   2.3600000e+02   2.2000000e+01   2.2000000e+01
   6.2700000e+02   2.3300000e+02   2.1000000e+01   2.1000000e+01
   5.9200000e+02   2.3800000e+02   2.1000000e+01   2.1000000e+01
   1.7700000e+02   2.4000000e+02   2.1000000e+01   2.1000000e+01
   2.8200000e+02   2.4500000e+02   2.4000000e+01   2.4000000e+01
   5.2200000e+02   2.4900000e+02   2.7000000e+01   2.7000000e+01
   1.0400000e+02   2.5300000e+02   2.1000000e+01   2.1000000e+01
   1.2000000e+02   2.5300000e+02   2.4000000e+01   2.4000000e+01
   6.5100000e+02   2.5700000e+02   2.1000000e+01   2.1000000e+01
   4.4000000e+02   2.7100000e+02   2.4000000e+01   2.4000000e+01
   4.9500000e+02   2.7900000e+02   2.6000000e+01   2.6000000e+01
   4.6000000e+02   2.9800000e+02   2.8000000e+01   2.8000000e+01
   2.5400000e+02   3.2400000e+02   2.4000000e+01   2.4000000e+01
   4.8000000e+01   2.2300000e+02   3.0000000e+01   3.0000000e+01
   5.9100000e+02   2.9300000e+02   2.3000000e+01   2.3000000e+01
   9.2000000e+01   2.7300000e+02   2.8000000e+01   2.8000000e+01
   4.3000000e+02   2.7200000e+02   4.4000000e+01   4.4000000e+01
