   2.9700000e+02   3.3900000e+02   2.5000000e+01   2.5000000e+01
   2.8300000e+02   2.0900000e+02   2.0000000e+01   2.0000000e+01
   1.9800000e+02   2.2300000e+02   2.1000000e+01   2.1000000e+01
   3.4200000e+02   2.2400000e+02   2.3000000e+01   2.3000000e+01
   5.6700000e+02   2.2700000e+02   2.1000000e+01   2.1000000e+01
   3.0600000e+02   2.3100000e+02   2.1000000e+01   2.1000000e+01
   4.6100000e+02   2.3100000e+02   2.2000000e+01   2.2000000e+01
   5.0700000e+02   2.3400000e+02   2.2000000e+01   2.2000000e+01
   6.3000000e+02   2.3400000e+02   2.1000000e+01   2.1000000e+01
   5.9400000e+02   2.4000000e+02   2.1000000e+01   2.1000000e+01
   5.9800000e+02   2.8500000e+02   2.1000000e+01   2.1000000e+01
   1.7600000e+02   2.4400000e+02   2.1000000e+01   2.1000000e+01
   5.2200000e+02   2.5000000e+02   2.5000000e+01   2.5000000e+01
   1.2900000e+02   2.5300000e+02   2.4000000e+01   2.4000000e+01
   2.6200000e+02   2.5500000e+02   2.1000000e+01   2.1000000e+01
   1.0200000e+02   2.5800000e+02   2.5000000e+01   2.5000000e+01
   1.5300000e+02   2.5600000e+02   2.7000000e+01   2.7000000e+01
   6.5700000e+02   2.6100000e+02   2.3000000e+01   2.3000000e+01
   2.1500000e+02   2.6300000e+02   2.1000000e+01   2.1000000e+01
   4.7600000e+02   2.5900000e+02   2.1000000e+01   2.1000000e+01
   4.5900000e+02   3.0600000e+02   3.0000000e+01   3.0000000e+01
   2.7900000e+02   3.1400000e+02   2.6000000e+01   2.6000000e+01
   6.4200000e+02   3.1300000e+02   2.4000000e+01   2.4000000e+01
   6.0000000e+01   2.7000000e+02   2.9000000e+01   2.9000000e+01
   4.9100000e+02   2.7500000e+02   2.7000000e+01   2.7000000e+01
   2.5500000e+02   3.2400000e+02   2.2000000e+01   2.2000000e+01
   4.3500000e+02   2.8200000e+02   2.4000000e+01   2.4000000e+01
   4.6000000e+02   1.5000000e+01   2.2000000e+01   2.2000000e+01
   1.2700000e+02   2.8500000e+02   2.4000000e+01   2.4000000e+01
   3.8400000e+02   2.6900000e+02   2.6000000e+01   2.6000000e+01
   3.1500000e+02   2.7400000e+02   2.7000000e+01   2.7000000e+01
