   3.2900000e+02   3.3300000e+02   2.5000000e+01   2.5000000e+01
   4.1200000e+02   3.2300000e+02   2.7000000e+01   2.7000000e+01
   2.9100000e+02   2.5200000e+02   1.9000000e+01   1.9000000e+01
   2.4000000e+02   2.6100000e+02   2.1000000e+01   2.1000000e+01
   3.3000000e+02   2.5600000e+02   2.3000000e+01   2.3000000e+01
   3.0600000e+02   2.6000000e+02   2.1000000e+01   2.1000000e+01
   3.9300000e+02   2.6400000e+02   2.2000000e+01   2.2000000e+01
   1.3800000e+02   2.6900000e+02   2.2000000e+01   2.2000000e+01
   3.6300000e+02   2.7600000e+02   2.3000000e+01   2.3000000e+01
   5.0600000e+02   2.7600000e+02   2.2000000e+01   2.2000000e+01
   4.5600000e+02   2.8300000e+02   2.4000000e+01   2.4000000e+01
   5.3400000e+02   2.7900000e+02   2.4000000e+01   2.4000000e+01
   1.0300000e+02   2.8700000e+02   2.5000000e+01   2.5000000e+01
   4.5000000e+01   2.8800000e+02   2.5000000e+01   2.5000000e+01
   5.7900000e+02   2.8800000e+02   2.2000000e+01   2.2000000e+01
   6.3900000e+02   2.8900000e+02   2.3000000e+01   2.3000000e+01
   4.7400000e+02   2.9400000e+02   2.1000000e+01   2.1000000e+01
   5.5300000e+02   2.9500000e+02   2.1000000e+01   2.1000000e+01
   7.2000000e+01   3.0300000e+02   2.3000000e+01   2.3000000e+01
   1.4800000e+02   3.0600000e+02   2.3000000e+01   2.3000000e+01
   2.2800000e+02   3.1500000e+02   2.1000000e+01   2.1000000e+01
   4.4500000e+02   3.2700000e+02   2.2000000e+01   2.2000000e+01
   2.6000000e+02   3.6400000e+02   2.3000000e+01   2.3000000e+01
   6.1500000e+02   3.9300000e+02   2.4000000e+01   2.4000000e+01
   5.3100000e+02   3.1800000e+02   3.3000000e+01   3.3000000e+01
   2.5800000e+02   2.9500000e+02   3.3000000e+01   3.3000000e+01
