   6.1500000e+02   1.7700000e+02   2.0000000e+01   2.0000000e+01
   6.5400000e+02   1.8400000e+02   2.4000000e+01   2.4000000e+01
   3.0300000e+02   1.1400000e+02   1.9000000e+01   1.9000000e+01
   3.6400000e+02   1.3200000e+02   2.3000000e+01   2.3000000e+01
   4.2900000e+02   1.2900000e+02   2.4000000e+01   2.4000000e+01
   3.8800000e+02   1.3700000e+02   2.4000000e+01   2.4000000e+01
   1.8800000e+02   1.4700000e+02   2.1000000e+01   2.1000000e+01
   1.4700000e+02   1.5500000e+02   2.2000000e+01   2.2000000e+01
   6.3600000e+02   2.0100000e+02   2.1000000e+01   2.1000000e+01
   5.0800000e+02   1.4700000e+02   2.3000000e+01   2.3000000e+01
   1.0100000e+02   1.5400000e+02   2.2000000e+01   2.2000000e+01
   5.6000000e+01   1.5700000e+02   2.4000000e+01   2.4000000e+01
   5.6400000e+02   2.0200000e+02   3.0000000e+01   3.0000000e+01
   1.4900000e+02   2.0600000e+02   2.4000000e+01   2.4000000e+01
   3.6100000e+02   2.0600000e+02   2.7000000e+01   2.7000000e+01
   4.7400000e+02   1.5900000e+02   2.3000000e+01   2.3000000e+01
   2.8400000e+02   1.6200000e+02   2.1000000e+01   2.1000000e+01
   5.7900000e+02   1.6200000e+02   2.4000000e+01   2.4000000e+01
   3.9300000e+02   2.1900000e+02   2.1000000e+01   2.1000000e+01
   5.0200000e+02   1.6100000e+02   3.6000000e+01   3.6000000e+01
   6.3000000e+02   1.6700000e+02   2.2000000e+01   2.2000000e+01
   4.6000000e+02   2.2100000e+02   2.6000000e+01   2.6000000e+01
   5.5000000e+02   1.6900000e+02   3.3000000e+01   3.3000000e+01
   2.0400000e+02   1.7400000e+02   2.1000000e+01   2.1000000e+01
   6.6000000e+02   2.3600000e+02   2.2000000e+01   2.2000000e+01
   5.2900000e+02   3.4800000e+02   2.5000000e+01   2.5000000e+01
   4.0300000e+02   1.8400000e+02   2.4000000e+01   2.4000000e+01
   5.8000000e+02   2.7600000e+02   2.6000000e+01   2.6000000e+01
   4.5000000e+02   1.8000000e+02   3.7000000e+01   3.7000000e+01
   5.4000000e+02   3.0900000e+02   3.9000000e+01   3.9000000e+01
   3.8200000e+02   1.8700000e+02   5.6000000e+01   5.6000000e+01
