   3.5100000e+02   1.8900000e+02   2.2000000e+01   2.2000000e+01
   3.1600000e+02   1.9500000e+02   2.0000000e+01   2.0000000e+01
   4.3300000e+02   1.9500000e+02   2.3000000e+01   2.3000000e+01
   5.1600000e+02   1.9800000e+02   2.0000000e+01   2.0000000e+01
   3.8700000e+02   1.9700000e+02   2.2000000e+01   2.2000000e+01
   2.7200000e+02   2.0100000e+02   2.2000000e+01   2.2000000e+01
   3.7400000e+02   2.0800000e+02   2.0000000e+01   2.0000000e+01
   5.7200000e+02   2.0700000e+02   2.4000000e+01   2.4000000e+01
   6.0100000e+02   2.0700000e+02   2.4000000e+01   2.4000000e+01
   6.4900000e+02   2.0900000e+02   2.1000000e+01   2.1000000e+01
   4.9100000e+02   2.1100000e+02   2.1000000e+01   2.1000000e+01
   1.8200000e+02   2.2500000e+02   2.2000000e+01   2.2000000e+01
   5.1500000e+02   2.2500000e+02   2.1000000e+01   2.1000000e+01
   1.6100000e+02   2.3700000e+02   2.4000000e+01   2.4000000e+01
   4.1900000e+02   2.4100000e+02   2.6000000e+01   2.6000000e+01
   5.7600000e+02   2.4600000e+02   2.4000000e+01   2.4000000e+01
   4.1500000e+02   2.5800000e+02   2.3000000e+01   2.3000000e+01
   3.1500000e+02   2.0400000e+02   3.0000000e+01   3.0000000e+01
   5.7300000e+02   2.2200000e+02   3.2000000e+01   3.2000000e+01
   6.6900000e+02   2.3700000e+02   3.9000000e+01   3.9000000e+01
