389.1939 98.6633 28.1905 29.1973
605.6565 283.9150 40.2721 50.3401
660.0238 182.2279 32.2177 34.2313
659.0170 156.0510 32.2177 30.2041
606.6633 115.7789 23.1565 28.1905
512.0238 117.7925 28.1905 27.1837
493.9014 89.6020 30.2041 32.2177
348.9218 154.0374 38.2585 43.2925
325.7653 62.4184 21.1429 25.1701
285.4932 173.1667 40.2721 41.2789
176.7585 168.1327 32.2177 36.2449
245.2211 106.7177 27.1837 34.2313
160.6497 95.6429 25.1701 33.2245
136.4864 116.7857 23.1565 30.2041
67.0170 119.8061 29.1973 35.2381
