607.6701 279.8878 45.3061 49.3333
644.9218 185.2483 29.1973 30.2041
659.0170 141.9558 27.1837 32.2177
607.6701 120.8129 22.1497 28.1905
513.0306 117.7925 25.1701 28.1905
497.9286 95.6429 26.1769 28.1905
384.1599 88.5952 26.1769 32.2177
325.7653 63.4252 22.1497 25.1701
249.2483 70.4728 22.1497 28.1905
368.0510 149.0034 34.2313 41.2789
281.4660 175.1803 39.2653 40.2721
179.7789 171.1531 30.2041 35.2381
239.1803 102.6905 29.1973 32.2177
159.6429 96.6497 28.1905 32.2177
131.4524 110.7449 24.1633 29.1973
67.0170 123.8333 30.2041 33.2245
