207.9694 237.6020 27.1837 32.2177
163.6701 239.6156 24.1633 29.1973
179.7789 229.5476 24.1633 30.2041
215.0170 196.3231 20.1361 28.1905
241.1939 217.4660 26.1769 33.2245
277.4388 197.3299 20.1361 26.1769
326.7721 219.4796 27.1837 32.2177
314.6905 193.3027 19.1293 26.1769
349.9286 188.2687 25.1701 26.1769
436.5136 190.2823 22.1497 29.1973
400.2687 193.3027 21.1429 27.1837
368.0510 211.4252 21.1429 25.1701
366.0374 249.6837 32.2177 37.2517
474.7721 272.8401 53.3605 50.3401
422.4184 238.6088 26.1769 37.2517
472.7585 238.6088 27.1837 38.2585
505.9830 247.6701 31.2109 34.2313
491.8878 211.4252 25.1701 26.1769
518.0646 195.3163 21.1429 25.1701
514.0374 219.4796 22.1497 28.1905
571.4252 206.3912 25.1701 28.1905
585.5204 234.5816 26.1769 30.2041
612.7041 214.4456 27.1837 30.2041
649.9558 209.4116 21.1429 33.2245
626.7993 247.6701 25.1701 30.2041
616.7313 273.8469 29.1973 35.2381
652.9762 273.8469 28.1905 33.2245
676.1327 247.6701 29.1973 33.2245
