609.6837 278.8810 42.2857 55.3741
664.0510 184.2415 31.2109 28.1905
667.0714 155.0442 29.1973 29.1973
607.6701 117.7925 22.1497 29.1973
515.0442 118.7993 28.1905 31.2109
496.9218 94.6361 27.1837 30.2041
389.1939 99.6701 27.1837 30.2041
274.4184 186.2551 38.2585 39.2653
352.9490 156.0510 36.2449 40.2721
308.6497 74.5000 24.1633 27.1837
326.7721 64.4320 21.1429 22.1497
226.0918 152.0238 35.2381 36.2449
248.2415 100.6769 28.1905 31.2109
155.6156 99.6701 27.1837 29.1973
135.4796 116.7857 26.1769 29.1973
80.1054 124.8401 27.1837 29.1973
