402.2823 269.8197 56.3810 56.3810
367.0442 260.7585 30.2041 41.2789
158.6361 244.6497 25.1701 29.1973
179.7789 230.5544 23.1565 28.1905
205.9558 203.3707 21.1429 29.1973
201.9286 243.6429 27.1837 28.1905
263.3435 213.4388 21.1429 26.1769
274.4184 200.3503 22.1497 27.1837
312.6769 194.3095 21.1429 24.1633
337.8469 219.4796 23.1565 31.2109
351.9422 188.2687 21.1429 26.1769
364.0238 216.4592 21.1429 31.2109
397.2483 192.2959 21.1429 26.1769
435.5068 193.3027 21.1429 28.1905
435.5068 233.5748 27.1837 35.2381
459.6701 243.6429 27.1837 33.2245
511.0170 255.7245 29.1973 31.2109
493.9014 237.6020 29.1973 30.2041
493.9014 214.4456 22.1497 28.1905
507.9966 195.3163 22.1497 26.1769
516.0510 218.4728 25.1701 29.1973
544.2415 220.4864 24.1633 34.2313
573.4388 212.4320 24.1633 26.1769
585.5204 239.6156 30.2041 31.2109
612.7041 214.4456 21.1429 23.1565
650.9626 210.4184 23.1565 29.1973
629.8197 245.6565 23.1565 30.2041
613.7109 270.8265 27.1837 37.2517
654.9898 285.9286 29.1973 34.2313
674.1190 246.6633 35.2381 36.2449
