268.3776 165.1122 47.3197 51.3469
334.8265 201.3571 43.2925 50.3401
386.1735 151.0170 37.2517 41.2789
368.0510 126.8537 28.1905 37.2517
397.2483 110.7449 29.1973 41.2789
428.4592 96.6497 30.2041 34.2313
423.4252 192.2959 47.3197 53.3605
463.6973 158.0646 44.2993 52.3537
470.7449 116.7857 38.2585 47.3197
496.9218 216.4592 43.2925 60.4082
531.1531 193.3027 41.2789 48.3265
544.2415 161.0850 39.2653 44.2993
582.5000 134.9082 29.1973 33.2245
534.1735 124.8401 33.2245 38.2585
589.5476 251.6973 43.2925 54.3673
629.8197 213.4388 43.2925 50.3401
671.0986 231.5612 41.2789 47.3197
673.1122 193.3027 32.2177 35.2381
616.7313 159.0714 31.2109 41.2789
634.8537 146.9898 33.2245 37.2517
605.6565 114.7721 27.1837 30.2041
598.6088 96.6497 26.1769 24.1633
563.3707 114.7721 28.1905 27.1837
557.3299 97.6565 22.1497 24.1633
514.0374 97.6565 28.1905 37.2517
470.7449 92.6224 24.1633 30.2041
492.8946 75.5068 22.1497 29.1973
355.9694 48.3231 31.2109 37.2517
298.5816 71.4796 25.1701 34.2313
255.2891 92.6224 26.1769 26.1769
235.1531 75.5068 22.1497 25.1701
219.0442 94.6361 24.1633 27.1837
192.8673 85.5748 27.1837 28.1905
130.4456 103.6973 30.2041 29.1973
150.5816 89.6020 30.2041 26.1769
179.7789 59.3980 18.1224 27.1837
161.6565 64.4320 18.1224 27.1837
47.8878 84.5680 30.2041 31.2109
85.1395 89.6020 31.2109 29.1973
107.2891 75.5068 29.1973 29.1973
116.3503 134.9082 32.2177 40.2721
88.1599 128.8673 30.2041 36.2449
67.0170 122.8265 23.1565 34.2313
35.8061 119.8061 26.1769 33.2245
0.5680 117.7925 19.1293 32.2177
