261.3299 151.0170 72.4898 69.4694
680.1599 266.7993 40.3401 52.3537
607.6701 236.5952 46.3129 59.4014
510.0102 225.5204 49.3333 54.3673
685.1939 210.4184 35.2381 42.2857
679.1531 186.2551 34.2313 33.2245
630.8265 152.0238 36.2449 39.2653
608.6769 180.2143 41.2789 57.3878
530.1463 180.2143 37.2517 47.3197
349.9286 128.8673 37.2517 41.2789
343.8878 191.2891 47.3197 56.3810
560.3503 157.0578 44.2993 49.3333
445.5748 172.1599 50.3401 58.3946
450.6088 131.8878 38.2585 46.3129
413.3571 144.9762 37.2517 47.3197
401.2755 119.8061 32.2177 40.2721
434.5000 99.6701 30.2041 37.2517
476.7857 111.7517 36.2449 36.2449
471.7517 86.5816 26.1769 32.2177
529.1395 124.8401 34.2313 35.2381
579.4796 129.8741 32.2177 39.2653
608.6769 107.7245 28.1905 33.2245
577.4660 94.6361 22.1497 33.2245
558.3367 102.6905 23.1565 30.2041
536.1871 77.5204 24.1633 32.2177
515.0442 85.5748 27.1837 33.2245
492.8946 79.5340 22.1497 25.1701
308.6497 65.4388 25.1701 29.1973
259.3163 92.6224 31.2109 32.2177
230.1190 87.5884 27.1837 32.2177
203.9422 84.5680 21.1429 27.1837
206.9626 65.4388 24.1633 26.1769
195.8878 52.3503 25.1701 24.1633
159.6429 86.5816 28.1905 29.1973
156.6224 63.4252 25.1701 27.1837
120.3776 68.4592 25.1701 30.2041
128.4320 135.9150 37.2517 41.2789
130.4456 113.7653 28.1905 32.2177
96.2143 120.8129 31.2109 34.2313
78.0918 104.7041 27.1837 31.2109
47.8878 142.9626 32.2177 31.2109
36.8129 117.7925 30.2041 31.2109
77.0850 81.5476 22.1497 30.2041
