676.1327 288.9490 44.2993 48.3265
683.1803 230.5544 36.2449 48.3265
678.1463 189.2755 30.2041 34.2313
590.5544 252.7041 42.2857 55.3741
609.6837 212.4320 41.2789 43.2925
638.8810 152.0238 32.2177 37.2517
620.7585 163.0986 30.2041 42.2857
519.0714 231.5612 41.2789 47.3197
533.1667 190.2823 40.2721 45.3061
561.3571 150.0102 38.2585 46.3129
590.5544 129.8741 29.1973 32.2177
606.6633 105.7109 29.1973 34.2313
568.4048 93.6293 25.1701 30.2041
562.3639 117.7925 28.1905 32.2177
534.1735 130.8810 29.1973 34.2313
425.4388 196.3231 43.2925 55.3741
455.6429 169.1395 43.2925 42.2857
478.7993 120.8129 30.2041 35.2381
451.6156 135.9150 30.2041 38.2585
439.5340 99.6701 28.1905 34.2313
532.1599 81.5476 25.1701 29.1973
510.0102 98.6633 26.1769 31.2109
497.9286 76.5136 22.1497 26.1769
470.7449 93.6293 26.1769 27.1837
385.1667 165.1122 34.2313 41.2789
399.2619 119.8061 34.2313 39.2653
334.8265 196.3231 41.2789 49.3333
328.7857 149.0034 40.2721 42.2857
265.3571 183.2347 43.2925 47.3197
298.5816 71.4796 27.1837 33.2245
242.2007 77.5204 38.2585 42.2857
223.0714 62.4184 22.1497 23.1565
184.8129 97.6565 27.1837 30.2041
184.8129 66.4456 29.1973 27.1837
162.6633 63.4252 24.1633 25.1701
155.6156 81.5476 27.1837 29.1973
54.9354 90.6088 25.1701 26.1769
127.4252 81.5476 27.1837 28.1905
100.2415 79.5340 22.1497 32.2177
116.3503 129.8741 33.2245 41.2789
121.3844 110.7449 28.1905 24.1633
88.1599 127.8605 28.1905 31.2109
73.0578 108.7313 25.1701 28.1905
55.9422 129.8741 32.2177 40.2721
14.6633 136.9218 31.2109 33.2245
