673.1122 268.8129 44.2993 59.4014
681.1667 228.5408 39.2653 40.2721
595.5884 255.7245 40.2721 51.3469
616.7313 216.4592 46.3129 51.3469
669.0850 190.2823 32.2177 43.2925
514.0374 244.6497 46.3129 56.3810
525.1122 191.2891 42.2857 43.2925
631.8333 145.9830 34.2313 39.2653
614.7177 166.1190 35.2381 40.2721
589.5476 130.8810 30.2041 34.2313
556.3231 162.0918 39.2653 44.2993
429.4660 201.3571 50.3401 53.3605
453.6293 168.1327 41.2789 45.3061
448.5952 135.9150 35.2381 39.2653
479.8061 118.7993 32.2177 36.2449
533.1667 125.8469 34.2313 36.2449
602.6361 110.7449 28.1905 31.2109
565.3844 112.7585 26.1769 30.2041
566.3912 96.6497 24.1633 24.1633
530.1463 84.5680 24.1633 29.1973
507.9966 96.6497 30.2041 34.2313
487.8605 73.4932 25.1701 30.2041
471.7517 92.6224 25.1701 26.1769
435.5068 103.6973 28.1905 34.2313
408.3231 107.7245 32.2177 40.2721
382.1463 166.1190 43.2925 44.2993
362.0102 134.9082 33.2245 39.2653
331.8061 209.4116 45.3061 47.3197
260.3231 183.2347 44.2993 50.3401
121.3844 134.9082 36.2449 39.2653
123.3980 108.7313 31.2109 29.1973
293.5476 72.4864 28.1905 32.2177
249.2483 94.6361 31.2109 31.2109
221.0578 57.3844 29.1973 31.2109
190.8537 67.4524 38.2585 37.2517
167.6973 51.3435 22.1497 24.1633
153.6020 80.5408 28.1905 23.1565
132.4592 85.5748 23.1565 21.1429
108.2959 78.5272 23.1565 25.1701
47.8878 88.5952 26.1769 29.1973
25.7381 127.8605 31.2109 33.2245
55.9422 131.8878 32.2177 31.2109
85.1395 128.8673 31.2109 32.2177
75.0714 101.6837 24.1633 29.1973
