672.1054 300.0238 45.3061 49.3333
677.1395 230.5544 40.2721 40.2721
682.1735 190.2823 31.2109 40.2721
577.4660 245.6565 42.2857 48.3265
596.5952 205.3844 40.2721 44.2993
619.7517 168.1327 31.2109 40.2721
642.9082 155.0442 31.2109 39.2653
596.5952 137.9286 26.1769 33.2245
601.6293 110.7449 25.1701 31.2109
557.3299 159.0714 40.2721 46.3129
532.1599 190.2823 43.2925 49.3333
516.0510 231.5612 44.2993 55.3741
422.4184 217.4660 45.3061 54.3673
461.6837 143.9694 42.2857 46.3129
541.2211 126.8537 32.2177 32.2177
571.4252 86.5816 23.1565 28.1905
557.3299 107.7245 29.1973 30.2041
536.1871 91.6156 28.1905 29.1973
502.9626 75.5068 24.1633 28.1905
511.0170 95.6429 29.1973 33.2245
487.8605 112.7585 29.1973 35.2381
462.6905 95.6429 31.2109 29.1973
446.5816 106.7177 26.1769 32.2177
399.2619 112.7585 34.2313 37.2517
358.9898 206.3912 43.2925 48.3265
389.1939 158.0646 38.2585 48.3265
354.9626 139.9422 38.2585 38.2585
283.4796 173.1667 42.2857 45.3061
125.4116 136.9218 35.2381 38.2585
131.4524 104.7041 29.1973 30.2041
299.5884 71.4796 28.1905 31.2109
261.3299 95.6429 29.1973 29.1973
225.0850 61.4116 24.1633 25.1701
238.1735 77.5204 20.1361 29.1973
219.0442 89.6020 26.1769 30.2041
195.8878 90.6088 25.1701 29.1973
181.7925 62.4184 26.1769 24.1633
156.6224 77.5204 31.2109 26.1769
132.4592 77.5204 24.1633 30.2041
116.3503 70.4728 19.1293 28.1905
50.9082 89.6020 25.1701 30.2041
80.1054 95.6429 28.1905 29.1973
83.1259 139.9422 30.2041 33.2245
60.9762 118.7993 30.2041 34.2313
28.7585 122.8265 24.1633 34.2313
