193.3163 311.5204 41.1429 42.1224
124.7449 302.7041 37.2245 40.1633
280.5000 213.5612 32.3265 33.3061
266.7857 232.1735 27.4286 37.2245
240.3367 209.6429 27.4286 35.2653
300.0918 96.0102 21.5510 22.5306
253.0714 155.7653 27.4286 30.3673
179.6020 196.9082 28.4082 36.2449
204.0918 148.9082 22.5306 27.4286
263.8469 118.5408 24.4898 31.3469
264.8265 93.0714 22.5306 27.4286
80.6633 304.6633 32.3265 44.0816
111.0306 261.5612 32.3265 34.2857
158.0510 166.5408 21.5510 29.3878
180.5816 121.4796 21.5510 24.4898
198.2143 100.9082 22.5306 23.5102
206.0510 82.2959 19.5918 21.5510
583.1939 403.6020 42.1224 41.1429
645.8878 391.8469 39.1837 42.1224
502.8673 378.1327 43.1020 52.8980
630.2143 322.2959 29.3878 40.1633
670.3776 253.7245 31.3469 34.2857
635.1122 251.7653 30.3673 36.2449
581.2347 245.8878 25.4694 34.2857
528.3367 246.8673 30.3673 36.2449
464.6633 243.9286 30.3673 39.1837
621.3980 213.5612 26.4490 32.3265
568.5000 192.9898 27.4286 30.3673
554.7857 171.4388 29.3878 33.3061
503.8469 200.8265 28.4082 28.4082
492.0918 155.7653 23.5102 28.4082
462.7041 119.5204 26.4490 30.3673
504.8265 128.3367 23.5102 29.3878
583.1939 132.2551 22.5306 26.4490
547.9286 128.3367 20.5714 26.4490
639.0306 93.0714 16.6531 18.6122
606.7041 73.4796 16.6531 21.5510
581.2347 72.5000 19.5918 20.5714
542.0510 86.2143 18.6122 17.6327
522.4592 63.6837 16.6531 22.5306
493.0714 61.7245 16.6531 19.5918
489.1531 49.9694 14.6939 16.6531
464.6633 57.8061 17.6327 20.5714
458.7857 43.1122 15.6735 19.5918
434.2959 44.0918 14.6939 20.5714
411.7653 47.0306 15.6735 17.6327
