275.6020 224.3367 32.3265 40.1633
283.4388 193.9694 29.3878 31.3469
233.4796 187.1122 33.3061 41.1429
202.1327 146.9490 25.4694 33.3061
178.6224 194.9490 33.3061 37.2245
157.0714 167.5204 26.4490 30.3673
247.1939 152.8265 26.4490 33.3061
257.9694 122.4592 29.3878 32.3265
305.9694 93.0714 21.5510 29.3878
196.2551 303.6837 36.2449 44.0816
125.7245 300.7449 35.2653 42.1224
75.7653 301.7245 34.2857 41.1429
181.5612 125.3980 23.5102 25.4694
114.9490 249.8061 33.3061 35.2653
270.7041 95.0306 23.5102 24.4898
196.2551 97.9694 24.4898 26.4490
208.9898 77.3980 21.5510 24.4898
647.8469 405.5612 38.2041 40.1633
565.5612 403.6020 37.2245 45.0612
496.9898 373.2347 47.0204 57.7959
613.5612 300.7449 38.2041 46.0408
669.3980 249.8061 30.3673 37.2245
631.1939 260.5816 33.3061 33.3061
646.8673 216.5000 30.3673 36.2449
577.3163 250.7857 34.2857 37.2245
591.0306 212.5816 29.3878 31.3469
460.7449 248.8265 35.2653 39.1837
520.5000 249.8061 33.3061 34.2857
557.7245 212.5816 27.4286 29.3878
557.7245 175.3571 28.4082 30.3673
583.1939 130.2959 22.5306 27.4286
549.8878 126.3776 25.4694 30.3673
503.8469 125.3980 25.4694 28.4082
489.1531 145.9694 28.4082 29.3878
464.6633 117.5612 24.4898 30.3673
448.9898 77.3980 22.5306 23.5102
477.3980 79.3571 20.5714 20.5714
545.9694 86.2143 21.5510 23.5102
638.0510 88.1735 20.5714 20.5714
600.8265 71.5204 21.5510 21.5510
581.2347 72.5000 21.5510 22.5306
551.8469 74.4592 19.5918 18.6122
515.6020 57.8061 20.5714 23.5102
492.0918 58.7857 19.5918 20.5714
482.2959 51.9286 16.6531 16.6531
465.6429 57.8061 18.6122 20.5714
459.7653 47.0306 15.6735 21.5510
434.2959 45.0714 15.6735 20.5714
406.8673 43.1122 17.6327 19.5918
