627.2755 74.4592 19.5918 24.4898
604.7449 67.6020 22.5306 27.4286
587.1122 74.4592 20.5714 23.5102
668.4184 319.3571 34.2857 42.1224
622.3776 330.1327 31.3469 36.2449
548.9082 320.3367 39.1837 46.0408
671.3571 254.7041 29.3878 37.2245
641.9694 256.6633 32.3265 39.1837
580.2551 254.7041 33.3061 40.1633
528.3367 249.8061 36.2449 40.1633
560.6633 207.6837 28.4082 39.1837
563.6020 170.4592 26.4490 35.2653
521.4796 147.9286 23.5102 38.2041
496.0102 185.1531 31.3469 45.0612
465.6429 245.8878 32.3265 36.2449
587.1122 133.2347 19.5918 27.4286
544.0102 131.2755 24.4898 26.4490
509.7245 123.4388 23.5102 29.3878
476.4184 154.7857 25.4694 29.3878
464.6633 121.4796 22.5306 26.4490
443.1122 189.0714 28.4082 33.3061
428.4184 120.5000 21.5510 27.4286
553.8061 70.5408 19.5918 21.5510
544.9898 85.2347 17.6327 20.5714
518.5408 60.7449 21.5510 18.6122
420.5816 89.1531 19.5918 24.4898
444.0918 76.4184 21.5510 22.5306
477.3980 72.5000 20.5714 25.4694
488.1735 60.7449 21.5510 22.5306
489.1531 51.9286 16.6531 15.6735
459.7653 60.7449 21.5510 21.5510
458.7857 47.0306 17.6327 21.5510
430.3776 50.9490 15.6735 22.5306
408.8265 54.8673 21.5510 23.5102
403.9286 43.1122 16.6531 22.5306
196.2551 312.5000 33.3061 40.1633
134.5408 310.5408 33.3061 43.1020
75.7653 304.6633 37.2245 44.0816
102.2143 270.3776 30.3673 39.1837
266.7857 247.8469 33.3061 38.2041
206.0510 240.0102 33.3061 45.0612
156.0918 247.8469 32.3265 40.1633
178.6224 205.7245 27.4286 31.3469
285.3980 193.9694 28.4082 35.2653
238.3776 208.6633 27.4286 27.4286
295.1939 144.0102 27.4286 36.2449
300.0918 115.6020 23.5102 28.4082
304.9898 101.8878 19.5918 23.5102
266.7857 94.0510 22.5306 21.5510
251.1122 119.5204 23.5102 26.4490
247.1939 153.8061 25.4694 27.4286
158.0510 166.5408 26.4490 27.4286
201.1531 148.9082 24.4898 31.3469
177.6429 126.3776 23.5102 25.4694
213.8878 113.6429 24.4898 22.5306
