620.4184 350.7041 37.2245 48.0000
519.5204 285.0714 41.1429 44.0816
552.8265 349.7245 44.0816 46.0408
495.0306 358.5408 42.1224 52.8980
411.7653 402.6224 40.1633 38.2041
316.7449 463.3571 57.7959 58.7755
566.5408 243.9286 32.3265 37.2245
491.1122 176.3367 25.4694 27.4286
473.4796 137.1531 28.4082 30.3673
454.8673 117.5612 24.4898 28.4082
575.3571 147.9286 28.4082 32.3265
523.4388 134.2143 25.4694 31.3469
440.1735 180.2551 26.4490 30.3673
390.2143 182.2143 32.3265 34.2857
194.2959 154.7857 22.5306 27.4286
156.0918 152.8265 23.5102 31.3469
255.0306 141.0714 29.3878 34.2857
243.2755 123.4388 23.5102 27.4286
156.0918 125.3980 23.5102 25.4694
88.5000 140.0918 23.5102 25.4694
166.8673 82.2959 20.5714 23.5102
203.1122 81.3163 19.5918 21.5510
226.6224 78.3776 19.5918 21.5510
269.7245 50.9490 21.5510 23.5102
277.5612 40.1735 18.6122 20.5714
281.4796 29.3980 17.6327 17.6327
251.1122 42.1327 16.6531 20.5714
186.4592 48.9898 18.6122 24.4898
32.6633 85.2347 21.5510 23.5102
4.2551 89.1531 18.6122 22.5306
157.0714 379.1122 41.1429 49.9592
69.8878 419.2755 40.1633 48.9796
2.2959 410.4592 40.1633 47.0204
107.1122 319.3571 38.2041 42.1224
45.3980 328.1735 31.3469 38.2041
0.5000 330.1327 31.1837 44.0816
150.2143 242.9490 32.3265 36.2449
82.6224 256.6633 32.3265 33.3061
0.5000 253.7245 19.4286 34.2857
