623.3571 373.2347 40.1633 46.0408
556.7449 359.5204 40.1633 44.0816
469.5612 349.7245 41.1429 49.9592
400.9898 358.5408 42.1224 48.9796
521.4796 324.2551 39.1837 44.0816
567.5204 241.9694 37.2245 39.1837
479.3571 189.0714 29.3878 33.3061
435.2755 182.2143 30.3673 33.3061
394.1327 175.3571 29.3878 42.1224
514.6224 145.9694 28.4082 29.3878
459.7653 142.0510 31.3469 32.3265
461.7245 124.4184 24.4898 28.4082
387.2755 146.9490 25.4694 29.3878
161.9694 362.4592 47.0204 55.8367
81.6429 416.3367 40.1633 50.9388
110.0510 317.3980 41.1429 49.9592
42.4592 327.1939 36.2449 38.2041
8.1735 370.2959 47.0204 54.8571
0.5000 330.1327 34.1224 47.0204
148.2551 262.5408 34.2857 41.1429
74.7857 261.5612 33.3061 38.2041
0.5000 249.8061 27.2653 45.0612
191.3571 49.9694 19.5918 23.5102
269.7245 70.5408 24.4898 28.4082
269.7245 57.8061 25.4694 19.5918
278.5408 44.0918 19.5918 16.6531
287.3571 25.4796 18.6122 21.5510
252.0918 45.0714 17.6327 19.5918
220.7449 84.2551 24.4898 22.5306
197.2347 80.3367 23.5102 21.5510
167.8469 81.3163 19.5918 25.4694
252.0918 126.3776 27.4286 26.4490
193.3163 160.6633 24.4898 26.4490
149.2347 160.6633 25.4694 29.3878
157.0714 128.3367 21.5510 28.4082
97.3163 138.1327 21.5510 27.4286
30.7041 86.2143 20.5714 23.5102
6.2143 91.1122 19.5918 18.6122
