682.1327 188.0918 22.3673 34.2857
629.2347 211.6020 27.4286 31.3469
378.4592 281.1531 47.0204 48.9796
420.5816 280.1735 39.1837 46.0408
409.8061 245.8878 39.1837 37.2245
477.3980 128.3367 21.5510 27.4286
435.2755 125.3980 21.5510 26.4490
354.9490 122.4592 18.6122 25.4694
368.6633 130.2959 16.6531 21.5510
358.8673 159.6837 18.6122 20.5714
341.2347 169.4796 22.5306 21.5510
319.6837 163.6020 22.5306 25.4694
285.3980 177.3163 26.4490 27.4286
249.1531 192.9898 27.4286 21.5510
171.7653 227.2755 37.2245 42.1224
108.0918 230.2143 29.3878 35.2653
