546.9490 214.5408 29.3878 30.3673
537.1531 185.1531 26.4490 26.4490
543.0306 167.5204 22.5306 23.5102
584.1735 199.8469 26.4490 24.4898
646.8673 190.0510 20.5714 21.5510
658.6224 176.3367 16.6531 20.5714
633.1531 166.5408 20.5714 18.6122
607.6837 163.6020 19.5918 22.5306
607.6837 151.8469 17.6327 20.5714
588.0918 149.8878 19.5918 19.5918
569.4796 140.0918 17.6327 20.5714
493.0714 183.1939 23.5102 26.4490
494.0510 210.6224 26.4490 31.3469
450.9490 193.9694 26.4490 28.4082
419.6020 205.7245 28.4082 29.3878
389.2347 226.2959 27.4286 32.3265
464.6633 274.2959 32.3265 37.2245
389.2347 275.2755 31.3469 38.2041
366.7041 290.9490 30.3673 30.3673
333.3980 272.3367 33.3061 40.1633
209.9694 228.2551 27.4286 28.4082
184.5000 225.3163 30.3673 31.3469
96.3367 259.6020 24.4898 29.3878
400.0102 177.3163 22.5306 23.5102
428.4184 158.7041 19.5918 19.5918
416.6633 154.7857 16.6531 24.4898
403.9286 157.7245 15.6735 16.6531
503.8469 113.6429 20.5714 23.5102
441.1531 111.6837 21.5510 21.5510
375.5204 115.6020 16.6531 20.5714
379.4388 142.0510 17.6327 18.6122
363.7653 143.0306 16.6531 18.6122
305.9694 192.9898 23.5102 22.5306
360.8265 170.4592 23.5102 24.4898
335.3571 152.8265 16.6531 17.6327
321.6429 169.4796 20.5714 26.4490
303.0306 171.4388 17.6327 21.5510
297.1531 160.6633 13.7143 16.6531
273.6429 192.9898 19.5918 25.4694
257.9694 185.1531 14.6939 21.5510
237.3980 180.2551 16.6531 22.5306
239.3571 210.6224 20.5714 20.5714
215.8469 196.9082 18.6122 22.5306
186.4592 192.9898 20.5714 21.5510
172.7449 191.0306 18.6122 24.4898
