453.8878 280.1735 29.3878 35.2653
390.2143 277.2347 32.3265 37.2245
391.1939 228.2551 26.4490 29.3878
427.4388 201.8061 27.4286 27.4286
454.8673 197.8878 26.4490 26.4490
507.7653 158.7041 21.5510 25.4694
592.0102 202.7857 27.4286 28.4082
579.2755 217.4796 26.4490 32.3265
545.9694 205.7245 29.3878 29.3878
538.1327 188.0918 22.5306 21.5510
508.7449 200.8265 26.4490 25.4694
532.2551 172.4184 20.5714 21.5510
550.8673 158.7041 19.5918 21.5510
584.1735 163.6020 19.5918 21.5510
645.8878 190.0510 22.5306 23.5102
634.1327 167.5204 20.5714 20.5714
612.5816 160.6633 16.6531 22.5306
333.3980 274.2959 33.3061 37.2245
391.1939 170.4592 21.5510 21.5510
370.6224 181.2347 23.5102 20.5714
365.7245 167.5204 20.5714 20.5714
362.7857 144.9898 18.6122 16.6531
426.4592 165.5612 17.6327 21.5510
456.8265 149.8878 19.5918 17.6327
395.1122 151.8469 15.6735 18.6122
379.4388 143.0306 18.6122 16.6531
339.2755 120.5000 17.6327 18.6122
337.3163 184.1735 20.5714 19.5918
324.5816 168.5000 19.5918 19.5918
317.7245 157.7245 16.6531 18.6122
303.0306 192.0102 25.4694 26.4490
292.2551 160.6633 23.5102 23.5102
272.6633 163.6020 21.5510 16.6531
268.7449 200.8265 23.5102 25.4694
254.0510 182.2143 22.5306 23.5102
235.4388 177.3163 19.5918 25.4694
215.8469 193.9694 22.5306 24.4898
186.4592 190.0510 26.4490 24.4898
172.7449 190.0510 18.6122 21.5510
91.4388 263.5204 26.4490 29.3878
206.0510 232.1735 30.3673 25.4694
184.5000 222.3776 30.3673 30.3673
160.9898 214.5408 22.5306 23.5102
125.7245 230.2143 23.5102 22.5306
111.0306 221.3980 20.5714 19.5918
