561.6429 299.7653 31.3469 39.1837
524.4184 343.8469 36.2449 47.0204
496.0102 314.4592 34.2857 48.0000
492.0918 282.1327 39.1837 38.2041
450.9490 284.0918 35.2653 38.2041
388.2551 309.5612 39.1837 37.2245
380.4184 278.2143 38.2041 29.3878
349.0714 307.6020 45.0612 41.1429
338.2959 258.6224 30.3673 36.2449
302.0510 252.7449 36.2449 34.2857
542.0510 256.6633 27.4286 35.2653
575.3571 240.0102 27.4286 27.4286
625.3163 232.1735 23.5102 30.3673
628.2551 214.5408 24.4898 23.5102
584.1735 210.6224 25.4694 29.3878
543.0306 210.6224 24.4898 31.3469
496.9898 212.5816 25.4694 29.3878
475.4388 176.3367 26.4490 29.3878
406.8673 229.2347 29.3878 27.4286
407.8469 206.7041 31.3469 30.3673
436.2551 190.0510 25.4694 30.3673
657.6429 168.5000 23.5102 26.4490
642.9490 192.0102 24.4898 25.4694
624.3367 181.2347 17.6327 24.4898
605.7245 191.0306 23.5102 27.4286
577.3163 183.1939 25.4694 23.5102
599.8469 169.4796 18.6122 20.5714
588.0918 163.6020 17.6327 24.4898
576.3367 160.6633 16.6531 21.5510
553.8061 185.1531 23.5102 25.4694
556.7449 168.5000 21.5510 21.5510
534.2143 171.4388 24.4898 23.5102
513.6429 163.6020 21.5510 22.5306
525.3980 153.8061 18.6122 21.5510
271.6837 284.0918 41.1429 47.0204
352.0102 157.7245 20.5714 20.5714
426.4592 147.9286 17.6327 17.6327
398.0510 147.9286 16.6531 17.6327
383.3571 144.0102 15.6735 17.6327
445.0714 156.7449 17.6327 21.5510
429.3980 162.6224 15.6735 18.6122
401.9694 167.5204 21.5510 21.5510
376.5000 160.6633 17.6327 23.5102
330.4592 186.1327 19.5918 20.5714
338.2959 172.4184 18.6122 21.5510
309.8878 155.7653 19.5918 18.6122
268.7449 197.8878 26.4490 31.3469
270.7041 177.3163 24.4898 25.4694
245.2347 214.5408 23.5102 25.4694
239.3571 192.0102 19.5918 23.5102
224.6633 215.5204 22.5306 27.4286
221.7245 197.8878 20.5714 18.6122
204.0918 211.6020 22.5306 25.4694
187.4388 192.9898 20.5714 26.4490
168.8265 208.6633 21.5510 23.5102
154.1327 235.1122 24.4898 31.3469
128.6633 215.5204 24.4898 29.3878
187.4388 247.8469 26.4490 32.3265
139.4388 250.7857 27.4286 30.3673
88.5000 216.5000 19.5918 28.4082
92.4184 254.7041 24.4898 29.3878
76.7449 236.0918 21.5510 28.4082
64.9898 235.1122 16.6531 27.4286
