613.5612 192.0102 24.4898 27.4286
621.3980 177.3163 23.5102 22.5306
595.9286 168.5000 20.5714 21.5510
578.2959 186.1327 26.4490 26.4490
582.2143 165.5612 19.5918 22.5306
560.6633 165.5612 16.6531 22.5306
665.4796 176.3367 18.6122 19.5918
650.7857 194.9490 19.5918 21.5510
628.2551 229.2347 22.5306 28.4082
596.9082 225.3163 22.5306 28.4082
561.6429 222.3776 30.3673 29.3878
539.1122 197.8878 27.4286 32.3265
543.0306 183.1939 19.5918 24.4898
533.2347 170.4592 21.5510 19.5918
527.3571 153.8061 17.6327 23.5102
514.6224 162.6224 17.6327 18.6122
509.7245 179.2755 19.5918 24.4898
493.0714 211.6020 23.5102 24.4898
489.1531 187.1122 20.5714 26.4490
463.6837 191.0306 17.6327 19.5918
546.9490 319.3571 34.2857 39.1837
543.0306 255.6837 27.4286 36.2449
505.8061 287.0306 35.2653 41.1429
471.5204 307.6020 33.3061 46.0408
463.6837 265.4796 32.3265 40.1633
451.9286 209.6429 24.4898 29.3878
412.7449 227.2755 25.4694 29.3878
420.5816 202.7857 24.4898 33.3061
403.9286 297.8061 32.3265 45.0612
355.9286 249.8061 32.3265 40.1633
351.0306 309.5612 33.3061 42.1224
312.8265 243.9286 29.3878 36.2449
281.4796 288.0102 32.3265 38.2041
158.0510 244.9082 27.4286 36.2449
135.5204 240.0102 25.4694 37.2245
130.6224 213.5612 24.4898 30.3673
104.1735 242.9490 25.4694 33.3061
87.5204 224.3367 20.5714 28.4082
66.9490 237.0714 26.4490 30.3673
190.3776 245.8878 24.4898 31.3469
170.7857 207.6837 21.5510 29.3878
202.1327 212.5816 24.4898 26.4490
210.9490 193.9694 19.5918 20.5714
186.4592 195.9286 24.4898 23.5102
226.6224 212.5816 20.5714 27.4286
244.2551 217.4796 20.5714 25.4694
266.7857 194.9490 19.5918 27.4286
261.8878 178.2959 20.5714 22.5306
443.1122 150.8673 17.6327 21.5510
417.6429 155.7653 19.5918 22.5306
403.9286 146.9490 13.7143 19.5918
396.0918 159.6837 15.6735 23.5102
379.4388 158.7041 17.6327 25.4694
387.2755 141.0714 12.7347 18.6122
313.8061 153.8061 19.5918 19.5918
332.4184 182.2143 23.5102 26.4490
314.7857 178.2959 18.6122 22.5306
342.2143 166.5408 21.5510 18.6122
335.3571 154.7857 17.6327 16.6531
359.8469 152.8265 16.6531 15.6735
364.7449 141.0714 14.6939 17.6327
