673.3163 210.6224 24.4898 23.5102
627.2755 196.9082 22.5306 26.4490
549.8878 159.6837 17.6327 20.5714
509.7245 148.9082 19.5918 23.5102
0.5000 138.1327 14.5306 26.4490
63.0306 135.1939 20.5714 23.5102
128.6633 127.3571 23.5102 24.4898
196.2551 154.7857 25.4694 30.3673
205.0714 122.4592 17.6327 26.4490
227.6020 120.5000 16.6531 16.6531
268.7449 140.0918 21.5510 21.5510
296.1735 147.9286 19.5918 21.5510
356.9082 170.4592 24.4898 25.4694
537.1531 237.0714 33.3061 36.2449
248.1735 283.1122 47.0204 58.7755
