629.2347 229.2347 25.4694 27.4286
592.9898 237.0714 27.4286 30.3673
505.8061 216.5000 26.4490 30.3673
525.3980 188.0918 22.5306 23.5102
480.3367 205.7245 23.5102 24.4898
446.0510 196.9082 25.4694 29.3878
448.0102 179.2755 20.5714 20.5714
385.3163 190.0510 28.4082 28.4082
424.5000 267.4388 37.2245 32.3265
384.3367 268.4184 36.2449 38.2041
345.1531 266.4592 31.3469 33.3061
286.3776 286.0510 35.2653 42.1224
216.8265 291.9286 44.0816 46.0408
187.4388 231.1939 34.2857 36.2449
138.4592 226.2959 33.3061 31.3469
184.5000 204.7449 30.3673 29.3878
219.7653 215.5204 32.3265 27.4286
250.1327 207.6837 25.4694 31.3469
276.5816 184.1735 27.4286 31.3469
172.7449 180.2551 26.4490 26.4490
347.1122 149.8878 19.5918 24.4898
188.4184 120.5000 17.6327 19.5918
