592.9898 247.8469 26.4490 27.4286
576.3367 223.3571 27.4286 27.4286
554.7857 231.1939 27.4286 27.4286
531.2755 238.0510 27.4286 26.4490
494.0510 182.2143 22.5306 24.4898
469.5612 182.2143 20.5714 21.5510
442.1327 174.3776 24.4898 23.5102
415.6837 183.1939 22.5306 21.5510
401.9694 190.0510 23.5102 24.4898
398.0510 168.5000 19.5918 20.5714
372.5816 183.1939 22.5306 23.5102
377.4796 163.6020 22.5306 24.4898
380.4184 147.9286 18.6122 18.6122
335.3571 179.2755 19.5918 22.5306
349.0714 161.6429 21.5510 22.5306
337.3163 137.1531 21.5510 26.4490
327.5204 141.0714 14.6939 22.5306
305.9694 153.8061 21.5510 25.4694
304.0102 142.0510 19.5918 16.6531
277.5612 149.8878 20.5714 20.5714
285.3980 135.1939 15.6735 16.6531
262.8673 138.1327 15.6735 18.6122
418.6224 290.9490 36.2449 34.2857
380.4184 244.9082 28.4082 33.3061
347.1122 234.1327 31.3469 41.1429
230.5408 260.5816 29.3878 31.3469
177.6429 263.5204 31.3469 37.2245
191.3571 234.1327 29.3878 32.3265
181.5612 215.5204 27.4286 24.4898
142.3776 224.3367 31.3469 28.4082
269.7245 224.3367 32.3265 32.3265
265.8061 197.8878 30.3673 31.3469
228.5816 214.5408 28.4082 27.4286
231.5204 191.0306 26.4490 27.4286
247.1939 174.3776 20.5714 21.5510
202.1327 177.3163 22.5306 22.5306
211.9286 162.6224 25.4694 23.5102
177.6429 166.5408 26.4490 29.3878
130.6224 171.4388 26.4490 27.4286
81.6429 230.2143 31.3469 27.4286
58.1327 199.8469 28.4082 26.4490
106.1327 168.5000 26.4490 23.5102
161.9694 140.0918 20.5714 23.5102
130.6224 144.9898 25.4694 16.6531
86.5408 146.9490 22.5306 19.5918
67.9286 164.5816 22.5306 20.5714
63.0306 149.8878 16.6531 19.5918
43.4388 150.8673 18.6122 18.6122
30.7041 157.7245 20.5714 18.6122
