637.0714 314.4592 33.3061 42.1224
647.8469 294.8673 27.4286 26.4490
659.6020 276.2551 24.4898 27.4286
659.6020 251.7653 23.5102 26.4490
575.3571 296.8265 34.2857 43.1020
614.5408 273.3163 21.5510 28.4082
629.2347 234.1327 19.5918 24.4898
615.5204 251.7653 22.5306 23.5102
585.1531 241.9694 24.4898 32.3265
541.0714 286.0510 27.4286 35.2653
563.6020 268.4184 22.5306 29.3878
555.7653 229.2347 23.5102 28.4082
542.0510 238.0510 22.5306 28.4082
526.3776 245.8878 24.4898 29.3878
505.8061 306.6224 32.3265 42.1224
496.0102 231.1939 22.5306 28.4082
475.4388 252.7449 25.4694 27.4286
461.7245 226.2959 23.5102 27.4286
488.1735 282.1327 23.5102 30.3673
460.7449 297.8061 27.4286 40.1633
447.0306 278.2143 25.4694 32.3265
383.3571 268.4184 26.4490 33.3061
362.7857 283.1122 31.3469 36.2449
295.1939 298.7857 33.3061 42.1224
359.8469 231.1939 27.4286 31.3469
344.1735 222.3776 20.5714 27.4286
305.9694 231.1939 22.5306 27.4286
293.2347 257.6429 25.4694 29.3878
276.5816 246.8673 23.5102 31.3469
201.1531 284.0918 30.3673 34.2857
238.3776 273.3163 27.4286 28.4082
277.5612 206.7041 21.5510 28.4082
246.2143 231.1939 24.4898 29.3878
224.6633 224.3367 24.4898 25.4694
222.7041 250.7857 26.4490 28.4082
175.6837 240.9898 23.5102 25.4694
196.2551 221.3980 20.5714 21.5510
189.3980 248.8265 26.4490 28.4082
168.8265 285.0714 26.4490 29.3878
127.6837 283.1122 24.4898 29.3878
152.1735 256.6633 24.4898 22.5306
120.8265 252.7449 21.5510 31.3469
109.0714 251.7653 14.6939 23.5102
95.3571 275.2755 20.5714 26.4490
72.8265 226.2959 25.4694 33.3061
