584.1735 302.7041 32.3265 45.0612
541.0714 286.0510 26.4490 35.2653
504.8265 306.6224 30.3673 38.2041
490.1327 277.2347 27.4286 35.2653
460.7449 298.7857 32.3265 38.2041
438.2143 269.3980 27.4286 38.2041
375.5204 262.5408 29.3878 28.4082
361.8061 282.1327 27.4286 30.3673
302.0510 296.8265 32.3265 38.2041
562.6224 270.3776 25.4694 28.4082
615.5204 270.3776 23.5102 28.4082
640.0102 314.4592 34.2857 39.1837
649.8061 293.8878 26.4490 30.3673
657.6429 277.2347 26.4490 25.4694
651.7653 256.6633 21.5510 24.4898
629.2347 248.8265 22.5306 26.4490
627.2755 233.1531 23.5102 23.5102
592.9898 239.0306 24.4898 20.5714
580.2551 245.8878 22.5306 27.4286
558.7041 231.1939 20.5714 23.5102
549.8878 245.8878 22.5306 28.4082
524.4184 253.7245 26.4490 25.4694
503.8469 236.0918 25.4694 29.3878
460.7449 225.3163 21.5510 27.4286
474.4592 250.7857 28.4082 34.2857
206.0510 284.0918 29.3878 34.2857
164.9082 283.1122 30.3673 28.4082
360.8265 233.1531 24.4898 27.4286
351.0306 225.3163 17.6327 24.4898
302.0510 250.7857 26.4490 29.3878
302.0510 235.1122 21.5510 17.6327
282.4592 248.8265 21.5510 21.5510
276.5816 207.6837 21.5510 23.5102
245.2347 269.3980 24.4898 30.3673
212.9082 267.4388 26.4490 20.5714
228.5816 247.8469 25.4694 29.3878
243.2755 235.1122 24.4898 21.5510
221.7245 221.3980 23.5102 22.5306
203.1122 243.9286 23.5102 25.4694
195.2755 227.2755 22.5306 18.6122
177.6429 240.9898 21.5510 22.5306
190.3776 252.7449 21.5510 22.5306
154.1327 253.7245 24.4898 27.4286
126.7041 285.0714 24.4898 28.4082
122.7857 253.7245 21.5510 28.4082
106.1327 252.7449 17.6327 18.6122
91.4388 274.2959 27.4286 28.4082
52.2551 224.3367 27.4286 36.2449
