638.0510 316.4184 34.2857 42.1224
647.8469 296.8265 26.4490 25.4694
657.6429 273.3163 23.5102 27.4286
651.7653 258.6224 18.6122 23.5102
637.0714 246.8673 18.6122 26.4490
625.3163 234.1327 21.5510 24.4898
612.5816 268.4184 25.4694 30.3673
593.9694 292.9082 32.3265 35.2653
568.5000 311.5204 38.2041 40.1633
595.9286 234.1327 19.5918 26.4490
565.5612 224.3367 17.6327 24.4898
544.9898 281.1531 30.3673 35.2653
579.2755 252.7449 23.5102 29.3878
559.6837 254.7041 23.5102 35.2653
544.0102 240.9898 19.5918 29.3878
526.3776 247.8469 21.5510 29.3878
499.9286 238.0510 21.5510 25.4694
502.8673 299.7653 30.3673 37.2245
483.2755 278.2143 33.3061 32.3265
463.6837 301.7245 28.4082 35.2653
448.9898 224.3367 23.5102 28.4082
468.5816 255.6837 24.4898 24.4898
448.9898 283.1122 31.3469 28.4082
375.5204 261.5612 28.4082 33.3061
360.8265 280.1735 26.4490 34.2857
289.3163 302.7041 32.3265 40.1633
366.7041 233.1531 23.5102 27.4286
350.0510 226.2959 20.5714 24.4898
292.2551 253.7245 25.4694 27.4286
302.0510 233.1531 22.5306 26.4490
275.6020 203.7653 21.5510 20.5714
246.2143 265.4796 25.4694 31.3469
257.9694 251.7653 25.4694 25.4694
245.2347 232.1735 20.5714 22.5306
232.5000 247.8469 23.5102 23.5102
222.7041 218.4592 21.5510 22.5306
207.0306 240.0102 21.5510 23.5102
195.2755 223.3571 20.5714 19.5918
190.3776 240.9898 18.6122 24.4898
203.1122 276.2551 28.4082 32.3265
169.8061 278.2143 29.3878 31.3469
125.7245 280.1735 29.3878 32.3265
154.1327 249.8061 25.4694 28.4082
119.8469 250.7857 24.4898 29.3878
103.1939 253.7245 23.5102 24.4898
90.4592 277.2347 26.4490 27.4286
71.8469 268.4184 20.5714 30.3673
