658.6224 262.5408 24.4898 30.3673
638.0510 312.5000 33.3061 44.0816
637.0714 292.9082 28.4082 19.5918
631.1939 251.7653 23.5102 24.4898
633.1531 238.0510 18.6122 18.6122
608.6633 270.3776 26.4490 28.4082
599.8469 288.9898 24.4898 34.2857
572.4184 307.6020 35.2653 43.1020
544.9898 286.0510 31.3469 34.2857
564.5816 229.2347 23.5102 24.4898
592.9898 239.0306 22.5306 26.4490
579.2755 245.8878 20.5714 29.3878
562.6224 250.7857 23.5102 28.4082
540.0918 242.9490 23.5102 28.4082
523.4388 252.7449 23.5102 25.4694
506.7857 236.0918 21.5510 28.4082
501.8878 313.4796 34.2857 37.2245
491.1122 276.2551 27.4286 34.2857
460.7449 230.2143 22.5306 27.4286
477.3980 259.6020 19.5918 28.4082
458.7857 305.6429 30.3673 38.2041
433.3163 278.2143 27.4286 37.2245
382.3776 269.3980 27.4286 29.3878
352.0102 288.0102 29.3878 34.2857
280.5000 316.4184 35.2653 35.2653
357.8878 235.1122 21.5510 23.5102
345.1531 226.2959 19.5918 24.4898
306.9490 253.7245 23.5102 29.3878
304.0102 231.1939 21.5510 25.4694
282.4592 208.6633 20.5714 23.5102
248.1735 276.2551 23.5102 25.4694
257.9694 252.7449 25.4694 28.4082
244.2551 229.2347 22.5306 24.4898
232.5000 249.8061 21.5510 27.4286
214.8673 263.5204 25.4694 30.3673
222.7041 219.4388 22.5306 25.4694
196.2551 223.3571 21.5510 20.5714
192.3367 246.8673 27.4286 28.4082
177.6429 244.9082 18.6122 23.5102
173.7245 301.7245 30.3673 32.3265
175.6837 277.2347 21.5510 22.5306
125.7245 282.1327 25.4694 28.4082
152.1735 258.6224 25.4694 29.3878
129.6429 251.7653 22.5306 26.4490
105.1531 256.6633 20.5714 26.4490
89.4796 280.1735 28.4082 27.4286
63.0306 272.3367 21.5510 24.4898
