637.0714 309.5612 31.3469 44.0816
652.7449 300.7449 26.4490 24.4898
656.6633 267.4388 25.4694 30.3673
656.6633 251.7653 25.4694 19.5918
633.1531 242.9490 19.5918 22.5306
622.3776 251.7653 18.6122 25.4694
608.6633 274.2959 22.5306 23.5102
597.8878 292.9082 24.4898 30.3673
567.5204 314.4592 30.3673 41.1429
549.8878 271.3571 29.3878 38.2041
597.8878 235.1122 16.6531 29.3878
579.2755 246.8673 22.5306 23.5102
563.6020 253.7245 21.5510 30.3673
563.6020 222.3776 19.5918 27.4286
540.0918 243.9286 22.5306 24.4898
522.4592 259.6020 25.4694 29.3878
499.9286 235.1122 22.5306 30.3673
499.9286 312.5000 33.3061 37.2245
492.0918 278.2143 27.4286 30.3673
460.7449 230.2143 22.5306 27.4286
473.4796 253.7245 22.5306 26.4490
459.7653 301.7245 32.3265 38.2041
436.2551 281.1531 24.4898 28.4082
393.1531 255.6837 27.4286 35.2653
292.2551 310.5408 33.3061 43.1020
350.0510 294.8673 31.3469 28.4082
360.8265 235.1122 20.5714 27.4286
346.1327 221.3980 20.5714 24.4898
304.0102 251.7653 23.5102 30.3673
302.0510 229.2347 24.4898 23.5102
245.2347 266.4592 22.5306 27.4286
266.7857 248.8265 23.5102 26.4490
279.5204 204.7449 18.6122 21.5510
240.3367 229.2347 19.5918 24.4898
219.7653 233.1531 25.4694 32.3265
198.2143 228.2551 18.6122 17.6327
174.7041 298.7857 26.4490 31.3469
183.5204 240.9898 16.6531 22.5306
160.9898 252.7449 21.5510 25.4694
166.8673 272.3367 20.5714 31.3469
121.8061 282.1327 24.4898 25.4694
122.7857 254.7041 18.6122 23.5102
105.1531 252.7449 16.6531 17.6327
94.3776 275.2755 22.5306 27.4286
63.0306 273.3163 20.5714 29.3878
