616.5000 365.3980 26.4490 28.4082
626.2959 330.1327 26.4490 37.2245
645.8878 310.5408 24.4898 28.4082
602.7857 313.4796 20.5714 27.4286
573.3980 421.2347 37.2245 44.0816
534.2143 283.1122 20.5714 26.4490
507.7653 271.3571 17.6327 23.5102
546.9490 361.4796 32.3265 42.1224
565.5612 334.0510 26.4490 34.2857
574.3776 288.9898 17.6327 24.4898
549.8878 309.5612 22.5306 27.4286
523.4388 331.1122 31.3469 35.2653
515.6020 301.7245 24.4898 25.4694
478.3776 374.2143 35.2653 36.2449
423.5204 349.7245 35.2653 41.1429
483.2755 318.3776 30.3673 32.3265
475.4388 287.0306 23.5102 31.3469
459.7653 328.1735 29.3878 30.3673
452.9082 306.6224 28.4082 32.3265
450.9490 285.0714 22.5306 26.4490
412.7449 291.9286 22.5306 27.4286
399.0306 322.2959 30.3673 36.2449
363.7653 341.8878 36.2449 35.2653
367.6837 314.4592 26.4490 31.3469
330.4592 330.1327 26.4490 28.4082
391.1939 268.4184 24.4898 23.5102
368.6633 276.2551 22.5306 25.4694
335.3571 277.2347 22.5306 26.4490
342.2143 259.6020 21.5510 18.6122
306.9490 259.6020 19.5918 22.5306
215.8469 323.2755 27.4286 28.4082
269.7245 298.7857 26.4490 28.4082
232.5000 293.8878 26.4490 26.4490
250.1327 282.1327 24.4898 25.4694
282.4592 251.7653 13.7143 20.5714
271.6837 266.4592 18.6122 19.5918
259.9286 249.8061 15.6735 23.5102
244.2551 254.7041 14.6939 22.5306
224.6633 269.3980 19.5918 23.5102
223.6837 255.6837 20.5714 19.5918
201.1531 280.1735 19.5918 29.3878
180.5816 274.2959 18.6122 20.5714
179.6020 304.6633 25.4694 29.3878
156.0918 306.6224 22.5306 33.3061
147.2755 265.4796 21.5510 23.5102
108.0918 280.1735 22.5306 22.5306
107.1122 305.6429 25.4694 28.4082
84.5816 302.7041 22.5306 29.3878
55.1939 280.1735 19.5918 31.3469
