602.7857 423.1939 34.2857 41.1429
608.6633 391.8469 31.3469 35.2653
620.4184 365.3980 22.5306 27.4286
545.9694 373.2347 31.3469 33.3061
653.7245 290.9490 19.5918 22.5306
613.5612 304.6633 21.5510 24.4898
628.2551 327.1939 21.5510 27.4286
574.3776 336.0102 23.5102 32.3265
518.5408 332.0918 28.4082 35.2653
478.3776 377.1531 33.3061 35.2653
463.6837 327.1939 31.3469 36.2449
579.2755 292.9082 17.6327 23.5102
562.6224 317.3980 20.5714 24.4898
538.1327 318.3776 23.5102 29.3878
537.1531 283.1122 20.5714 26.4490
507.7653 284.0918 21.5510 19.5918
514.6224 305.6429 22.5306 25.4694
484.2551 308.5816 24.4898 27.4286
479.3571 290.9490 21.5510 23.5102
450.9490 282.1327 24.4898 27.4286
443.1122 303.6837 27.4286 33.3061
412.7449 343.8469 31.3469 39.1837
414.7041 324.2551 29.3878 26.4490
368.6633 313.4796 29.3878 30.3673
319.6837 328.1735 29.3878 32.3265
189.3980 267.4388 19.5918 20.5714
182.5408 282.1327 24.4898 20.5714
66.9490 304.6633 26.4490 33.3061
49.3163 282.1327 22.5306 26.4490
108.0918 279.1939 22.5306 20.5714
105.1531 295.8469 24.4898 31.3469
149.2347 303.6837 23.5102 32.3265
142.3776 270.3776 23.5102 25.4694
196.2551 299.7653 20.5714 28.4082
231.5204 323.2755 23.5102 31.3469
286.3776 305.6429 27.4286 31.3469
361.8061 279.1939 26.4490 28.4082
337.3163 287.0306 21.5510 21.5510
334.3776 263.5204 17.6327 17.6327
327.5204 273.3163 16.6531 21.5510
309.8878 257.6429 18.6122 20.5714
255.0306 288.9898 25.4694 27.4286
261.8878 275.2755 23.5102 20.5714
226.6224 274.2959 25.4694 22.5306
242.2959 263.5204 21.5510 23.5102
256.9898 254.7041 19.5918 17.6327
279.5204 254.7041 22.5306 26.4490
