592.0102 425.1531 42.1224 43.1020
640.0102 290.9490 23.5102 26.4490
630.2143 330.1327 27.4286 30.3673
612.5816 356.5816 28.4082 30.3673
611.6020 391.8469 32.3265 36.2449
546.9490 371.2755 26.4490 38.2041
597.8878 300.7449 23.5102 31.3469
581.2347 290.9490 19.5918 23.5102
571.4388 336.0102 27.4286 36.2449
553.8061 294.8673 21.5510 31.3469
536.1735 280.1735 20.5714 26.4490
537.1531 322.2959 26.4490 27.4286
471.5204 368.3367 27.4286 34.2857
518.5408 330.1327 25.4694 30.3673
513.6429 300.7449 24.4898 29.3878
506.7857 278.2143 21.5510 23.5102
496.9898 305.6429 18.6122 29.3878
474.4592 294.8673 23.5102 23.5102
457.8061 282.1327 22.5306 22.5306
472.5000 328.1735 25.4694 28.4082
450.9490 306.6224 27.4286 34.2857
416.6633 352.6633 27.4286 34.2857
412.7449 321.3163 27.4286 30.3673
368.6633 318.3776 23.5102 28.4082
333.3980 336.0102 27.4286 34.2857
394.1327 266.4592 21.5510 24.4898
363.7653 278.2143 22.5306 28.4082
334.3776 280.1735 20.5714 24.4898
331.4388 257.6429 20.5714 20.5714
305.9694 260.5816 21.5510 20.5714
289.3163 252.7449 19.5918 21.5510
171.7653 284.0918 23.5102 27.4286
199.1939 299.7653 23.5102 29.3878
229.5612 313.4796 25.4694 28.4082
263.8469 299.7653 25.4694 30.3673
256.0102 279.1939 21.5510 25.4694
272.6633 269.3980 21.5510 20.5714
257.9694 253.7245 16.6531 19.5918
239.3571 256.6633 21.5510 25.4694
216.8265 273.3163 18.6122 22.5306
221.7245 254.7041 16.6531 18.6122
186.4592 269.3980 21.5510 22.5306
139.4388 267.4388 21.5510 29.3878
148.2551 303.6837 24.4898 32.3265
105.1531 295.8469 26.4490 32.3265
72.8265 302.7041 23.5102 25.4694
46.3776 288.9898 23.5102 27.4286
