639.0306 301.7245 22.5306 25.4694
637.0714 325.2347 24.4898 34.2857
615.5204 364.4184 29.3878 27.4286
604.7449 384.0102 33.3061 29.3878
593.9694 413.3980 34.2857 45.0612
543.0306 373.2347 32.3265 37.2245
519.5204 331.1122 26.4490 35.2653
599.8469 316.4184 20.5714 20.5714
562.6224 336.0102 28.4082 38.2041
579.2755 291.9286 18.6122 28.4082
541.0714 283.1122 24.4898 24.4898
557.7245 301.7245 21.5510 27.4286
535.1939 318.3776 27.4286 31.3469
517.5612 300.7449 24.4898 28.4082
472.5000 365.3980 31.3469 34.2857
468.5816 323.2755 28.4082 34.2857
494.0510 308.5816 26.4490 31.3469
495.0306 284.0918 20.5714 27.4286
474.4592 288.0102 22.5306 29.3878
455.8469 283.1122 23.5102 21.5510
449.9694 307.6020 27.4286 31.3469
415.6837 344.8265 32.3265 37.2245
415.6837 323.2755 25.4694 28.4082
368.6633 316.4184 27.4286 31.3469
328.5000 324.2551 23.5102 30.3673
387.2755 263.5204 21.5510 23.5102
361.8061 280.1735 25.4694 25.4694
317.7245 290.9490 23.5102 25.4694
336.3367 259.6020 16.6531 21.5510
327.5204 273.3163 20.5714 21.5510
309.8878 256.6633 18.6122 24.4898
299.1122 250.7857 15.6735 18.6122
276.5816 258.6224 20.5714 23.5102
270.7041 291.9286 25.4694 28.4082
249.1531 279.1939 25.4694 31.3469
256.0102 250.7857 18.6122 24.4898
242.2959 252.7449 18.6122 25.4694
230.5408 269.3980 20.5714 20.5714
221.7245 252.7449 20.5714 23.5102
227.6020 312.5000 25.4694 29.3878
134.5408 269.3980 26.4490 23.5102
185.4796 271.3571 23.5102 23.5102
188.4184 305.6429 25.4694 25.4694
147.2755 303.6837 24.4898 32.3265
122.7857 296.8265 19.5918 25.4694
113.9694 279.1939 23.5102 26.4490
73.8061 299.7653 26.4490 29.3878
44.4184 292.9082 21.5510 27.4286
