592.9898 403.6020 38.2041 47.0204
616.5000 364.4184 23.5102 28.4082
625.3163 326.2143 25.4694 33.3061
637.0714 297.8061 21.5510 28.4082
603.7653 307.6020 20.5714 26.4490
578.2959 291.9286 18.6122 27.4286
550.8673 297.8061 22.5306 31.3469
538.1327 282.1327 18.6122 23.5102
544.0102 377.1531 32.3265 36.2449
558.7041 346.7857 27.4286 34.2857
515.6020 329.1531 24.4898 33.3061
533.2347 320.3367 22.5306 29.3878
518.5408 299.7653 21.5510 32.3265
507.7653 278.2143 19.5918 24.4898
494.0510 311.5204 24.4898 35.2653
477.3980 292.9082 22.5306 30.3673
453.8878 311.5204 28.4082 25.4694
471.5204 366.3776 32.3265 35.2653
409.8061 327.1939 25.4694 28.4082
468.5816 328.1735 29.3878 31.3469
455.8469 283.1122 21.5510 26.4490
422.5408 344.8265 26.4490 37.2245
366.7041 311.5204 30.3673 31.3469
322.6224 338.9490 27.4286 30.3673
63.0306 301.7245 28.4082 32.3265
46.3776 288.0102 25.4694 26.4490
135.5204 320.3367 27.4286 34.2857
107.1122 295.8469 24.4898 31.3469
114.9490 278.2143 24.4898 23.5102
139.4388 272.3367 22.5306 24.4898
188.4184 267.4388 21.5510 18.6122
183.5204 284.0918 25.4694 21.5510
188.4184 305.6429 26.4490 26.4490
229.5612 316.4184 22.5306 28.4082
266.7857 303.6837 25.4694 25.4694
250.1327 280.1735 24.4898 33.3061
232.5000 266.4592 20.5714 25.4694
231.5204 256.6633 17.6327 15.6735
245.2347 253.7245 21.5510 21.5510
389.2347 264.5000 21.5510 27.4286
359.8469 273.3163 27.4286 26.4490
320.6633 286.0510 24.4898 24.4898
323.6020 269.3980 21.5510 23.5102
332.4184 255.6837 19.5918 24.4898
304.0102 261.5612 17.6327 21.5510
295.1939 267.4388 16.6531 21.5510
276.5816 264.5000 17.6327 23.5102
288.3367 248.8265 18.6122 22.5306
