620.4184 293.8878 37.2245 39.1837
567.5204 161.6429 22.5306 29.3878
650.7857 174.3776 26.4490 33.3061
654.7041 249.8061 28.4082 38.2041
677.2347 240.0102 26.4490 30.3673
294.2143 247.8469 49.9592 51.9184
438.2143 243.9286 35.2653 42.1224
447.0306 208.6633 31.3469 37.2245
433.3163 174.3776 27.4286 36.2449
420.5816 140.0918 26.4490 25.4694
285.3980 119.5204 24.4898 25.4694
154.1327 199.8469 37.2245 37.2245
151.1939 146.9490 21.5510 23.5102
136.5000 166.5408 31.3469 32.3265
97.3163 159.6837 24.4898 26.4490
