634.1327 305.6429 51.9184 50.9388
537.1531 310.5408 41.1429 45.0612
665.4796 276.2551 34.2857 39.1837
609.6429 225.3163 31.3469 34.2857
670.3776 239.0306 32.3265 36.2449
673.3163 212.5816 27.4286 31.3469
656.6633 183.1939 23.5102 31.3469
632.1735 200.8265 29.3878 29.3878
632.1735 167.5204 22.5306 27.4286
614.5408 178.2959 24.4898 25.4694
598.8673 188.0918 26.4490 35.2653
583.1939 265.4796 35.2653 41.1429
521.4796 241.9694 35.2653 41.1429
461.7245 294.8673 41.1429 44.0816
582.2143 161.6429 21.5510 30.3673
563.6020 207.6837 31.3469 37.2245
547.9286 190.0510 27.4286 26.4490
557.7245 169.4796 23.5102 29.3878
410.7857 252.7449 37.2245 48.9796
347.1122 231.1939 38.2041 44.0816
460.7449 216.5000 34.2857 36.2449
509.7245 168.5000 26.4490 33.3061
508.7449 146.9490 23.5102 29.3878
474.4592 157.7245 23.5102 24.4898
479.3571 182.2143 28.4082 34.2857
457.8061 183.1939 26.4490 34.2857
440.1735 166.5408 25.4694 30.3673
394.1327 210.6224 36.2449 36.2449
400.9898 184.1735 29.3878 27.4286
365.7245 200.8265 26.4490 32.3265
250.1327 229.2347 40.1633 42.1224
153.1531 196.9082 36.2449 40.1633
129.6429 187.1122 29.3878 34.2857
228.5816 180.2551 31.3469 35.2653
430.3776 131.2755 22.5306 26.4490
390.2143 137.1531 25.4694 29.3878
365.7245 130.2959 22.5306 30.3673
349.0714 158.7041 25.4694 27.4286
299.1122 163.6020 27.4286 29.3878
312.8265 147.9286 23.5102 26.4490
284.4184 159.6837 21.5510 30.3673
303.0306 114.6224 20.5714 23.5102
258.9490 126.3776 25.4694 24.4898
229.5612 152.8265 31.3469 30.3673
201.1531 169.4796 25.4694 33.3061
203.1122 150.8673 22.5306 26.4490
189.3980 144.0102 19.5918 24.4898
171.7653 159.6837 25.4694 28.4082
144.3367 160.6633 26.4490 28.4082
101.2347 151.8469 22.5306 26.4490
100.2551 174.3776 30.3673 36.2449
77.7245 184.1735 24.4898 31.3469
56.1735 159.6837 23.5102 26.4490
66.9490 170.4592 19.5918 27.4286
