645.8878 267.4388 37.2245 48.9796
608.6633 316.4184 51.9184 52.8980
544.9898 286.0510 39.1837 45.0612
576.3367 241.9694 34.2857 41.1429
652.7449 229.2347 28.4082 36.2449
675.2755 214.5408 29.2245 32.3265
622.3776 225.3163 28.4082 41.1429
517.5612 235.1122 36.2449 46.0408
481.3163 273.3163 37.2245 48.0000
640.9898 205.7245 25.4694 30.3673
656.6633 177.3163 23.5102 30.3673
565.5612 207.6837 28.4082 35.2653
558.7041 190.0510 27.4286 37.2245
593.9694 188.0918 25.4694 34.2857
613.5612 176.3367 21.5510 29.3878
620.4184 162.6224 20.5714 24.4898
675.2755 191.0306 23.5102 25.4694
583.1939 164.5816 21.5510 26.4490
405.8878 254.7041 37.2245 48.9796
462.7041 214.5408 39.1837 40.1633
536.1735 155.7653 18.6122 25.4694
515.6020 167.5204 27.4286 27.4286
512.6633 147.9286 20.5714 24.4898
491.1122 177.3163 23.5102 33.3061
463.6837 185.1531 32.3265 31.3469
472.5000 157.7245 26.4490 24.4898
434.2959 170.4592 29.3878 30.3673
404.9082 205.7245 35.2653 40.1633
389.2347 185.1531 29.3878 27.4286
370.6224 204.7449 30.3673 39.1837
336.3367 236.0918 35.2653 42.1224
261.8878 229.2347 41.1429 42.1224
437.2347 129.3163 22.5306 27.4286
387.2755 141.0714 24.4898 26.4490
391.1939 128.3367 19.5918 21.5510
350.0510 150.8673 20.5714 27.4286
315.7653 162.6224 30.3673 29.3878
306.9490 112.6633 19.5918 21.5510
301.0714 137.1531 21.5510 26.4490
280.5000 153.8061 26.4490 28.4082
247.1939 128.3367 19.5918 20.5714
243.2755 150.8673 22.5306 25.4694
234.4592 181.2347 26.4490 34.2857
208.0102 168.5000 24.4898 31.3469
153.1531 198.8673 33.3061 41.1429
127.6837 197.8878 29.3878 29.3878
206.0510 142.0510 25.4694 22.5306
182.5408 136.1735 22.5306 26.4490
162.9490 157.7245 24.4898 32.3265
145.3163 154.7857 19.5918 27.4286
122.7857 169.4796 21.5510 26.4490
120.8265 153.8061 21.5510 21.5510
102.2143 185.1531 24.4898 28.4082
85.5612 181.2347 18.6122 30.3673
66.9490 171.4388 21.5510 29.3878
47.3571 163.6020 20.5714 27.4286
