667.0714 231.5612 24.1633 25.1701
674.1190 253.7109 29.1973 31.2109
653.9830 213.4388 20.1361 30.2041
640.8946 249.6837 24.1633 32.2177
607.6701 221.4932 26.1769 29.1973
606.6633 207.3980 26.1769 26.1769
575.4524 203.3707 23.1565 24.1633
542.2279 223.5068 26.1769 30.2041
521.0850 213.4388 25.1701 28.1905
510.0102 198.3367 23.1565 26.1769
486.8537 208.4048 25.1701 33.2245
511.0170 247.6701 30.2041 37.2517
478.7993 240.6224 23.1565 33.2245
431.4796 240.6224 30.2041 36.2449
371.0714 281.9014 34.2313 38.2585
385.1667 257.7381 29.1973 35.2381
161.6565 240.6224 25.1701 31.2109
196.8946 241.6293 26.1769 31.2109
208.9762 222.5000 24.1633 25.1701
330.7993 222.5000 28.1905 31.2109
363.0170 217.4660 24.1633 29.1973
434.5000 195.3163 22.1497 27.1837
400.2687 189.2755 24.1633 28.1905
330.7993 191.2891 21.1429 30.2041
311.6701 196.3231 20.1361 25.1701
261.3299 214.4456 23.1565 31.2109
278.4456 198.3367 21.1429 24.1633
226.0918 195.3163 19.1293 28.1905
