156.6224 243.6429 28.1905 35.2381
197.9014 238.6088 26.1769 33.2245
221.0578 196.3231 22.1497 27.1837
264.3503 213.4388 25.1701 33.2245
276.4320 196.3231 19.1293 27.1837
313.6837 193.3027 20.1361 25.1701
333.8197 192.2959 21.1429 27.1837
330.7993 219.4796 25.1701 31.2109
363.0170 282.9082 30.2041 42.2857
372.0782 253.7109 28.1905 34.2313
382.1463 205.3844 23.1565 32.2177
405.3027 192.2959 22.1497 26.1769
429.4660 195.3163 22.1497 29.1973
429.4660 235.5884 26.1769 35.2381
476.7857 241.6293 27.1837 32.2177
514.0374 253.7109 28.1905 28.1905
485.8469 208.4048 25.1701 30.2041
498.9354 230.5544 23.1565 31.2109
517.0578 196.3231 19.1293 27.1837
575.4524 202.3639 22.1497 29.1973
605.6565 262.7721 28.1905 37.2517
621.7653 244.6497 29.1973 33.2245
659.0170 269.8197 25.1701 37.2517
677.1395 246.6633 23.1565 32.2177
675.1259 223.5068 24.1633 30.2041
648.9490 209.4116 20.1361 27.1837
606.6633 214.4456 22.1497 32.2177
