668.0782 240.6224 28.1905 26.1769
663.0442 271.8333 31.2109 33.2245
649.9558 209.4116 20.1361 33.2245
608.6769 251.6973 37.2517 33.2245
576.4592 240.6224 30.2041 33.2245
603.6429 214.4456 24.1633 29.1973
571.4252 207.3980 26.1769 25.1701
503.9694 247.6701 29.1973 36.2449
514.0374 219.4796 25.1701 28.1905
515.0442 196.3231 21.1429 26.1769
488.8673 209.4116 25.1701 26.1769
453.6293 244.6497 31.2109 37.2517
420.4048 241.6293 30.2041 34.2313
397.2483 258.7449 24.1633 37.2517
359.9966 249.6837 42.2857 50.3401
433.4932 192.2959 23.1565 28.1905
390.2007 197.3299 20.1361 24.1633
372.0782 206.3912 26.1769 30.2041
341.8741 222.5000 22.1497 31.2109
352.9490 190.2823 19.1293 25.1701
317.7109 194.3095 18.1224 25.1701
265.3571 214.4456 21.1429 25.1701
273.4116 201.3571 21.1429 26.1769
207.9694 207.3980 23.1565 25.1701
196.8946 245.6565 26.1769 28.1905
184.8129 224.5136 21.1429 29.1973
162.6633 236.5952 23.1565 31.2109
