   6.1200000e+02   2.1200000e+02   1.9000000e+01   1.9000000e+01
   6.5200000e+02   2.0900000e+02   2.1000000e+01   2.1000000e+01
   5.7200000e+02   2.1200000e+02   2.4000000e+01   2.4000000e+01
   2.6300000e+02   2.1600000e+02   1.9000000e+01   1.9000000e+01
   4.9400000e+02   2.1300000e+02   2.1000000e+01   2.1000000e+01
   3.6300000e+02   2.1700000e+02   2.1000000e+01   2.1000000e+01
   3.3600000e+02   2.2300000e+02   2.1000000e+01   2.1000000e+01
   6.0600000e+02   2.2300000e+02   2.7000000e+01   2.7000000e+01
   4.8600000e+02   2.3200000e+02   1.8000000e+01   1.8000000e+01
   5.1600000e+02   2.2700000e+02   2.1000000e+01   2.1000000e+01
   3.1200000e+02   1.9400000e+02   2.0000000e+01   2.0000000e+01
   1.8000000e+02   2.3500000e+02   1.8000000e+01   1.8000000e+01
   3.9500000e+02   1.9200000e+02   2.1000000e+01   2.1000000e+01
   4.3300000e+02   1.9300000e+02   2.3000000e+01   2.3000000e+01
   4.3400000e+02   2.3800000e+02   2.4000000e+01   2.4000000e+01
   5.4400000e+02   2.3100000e+02   2.1000000e+01   2.1000000e+01
   2.7300000e+02   2.0100000e+02   2.1000000e+01   2.1000000e+01
   2.0300000e+02   2.4300000e+02   2.5000000e+01   2.5000000e+01
   4.5900000e+02   2.4700000e+02   2.4000000e+01   2.4000000e+01
   4.9600000e+02   2.4300000e+02   2.3000000e+01   2.3000000e+01
   1.5900000e+02   2.4800000e+02   2.4000000e+01   2.4000000e+01
   6.3000000e+02   2.4800000e+02   2.1000000e+01   2.1000000e+01
   6.7000000e+02   2.4700000e+02   3.3000000e+01   3.3000000e+01
   5.0700000e+02   2.5200000e+02   2.7000000e+01   2.7000000e+01
   4.1700000e+02   2.7400000e+02   3.4000000e+01   3.4000000e+01
