   2.2200000e+02   6.0000000e+01   2.2000000e+01   2.2000000e+01
   6.7800000e+02   1.8900000e+02   2.5000000e+01   2.5000000e+01
   2.4200000e+02   6.7000000e+01   2.0000000e+01   2.0000000e+01
   2.9900000e+02   7.5000000e+01   2.7000000e+01   2.7000000e+01
   4.9400000e+02   7.6000000e+01   2.7000000e+01   2.7000000e+01
   9.9000000e+01   8.0000000e+01   3.4000000e+01   3.4000000e+01
   1.3000000e+02   8.4000000e+01   2.3000000e+01   2.3000000e+01
   5.3100000e+02   8.4000000e+01   2.4000000e+01   2.4000000e+01
   5.4000000e+01   8.8000000e+01   2.7000000e+01   2.7000000e+01
   5.6600000e+02   9.7000000e+01   2.4000000e+01   2.4000000e+01
   6.0200000e+02   1.0500000e+02   2.5000000e+01   2.5000000e+01
   4.4000000e+02   1.0300000e+02   2.5000000e+01   2.5000000e+01
   5.1500000e+02   2.4400000e+02   2.9000000e+01   2.9000000e+01
   6.2800000e+02   2.5200000e+02   2.0000000e+01   2.0000000e+01
   4.5800000e+02   2.7000000e+02   2.1000000e+01   2.1000000e+01
   4.0200000e+02   1.2600000e+02   2.7000000e+01   2.7000000e+01
   4.7400000e+02   2.8500000e+02   2.2000000e+01   2.2000000e+01
   1.8600000e+02   6.5000000e+01   2.4000000e+01   2.4000000e+01
   4.7900000e+02   1.2500000e+02   2.9000000e+01   2.9000000e+01
   4.5200000e+02   1.3800000e+02   3.0000000e+01   3.0000000e+01
   5.1600000e+02   2.8400000e+02   2.3000000e+01   2.3000000e+01
   1.5800000e+02   6.0000000e+01   3.0000000e+01   3.0000000e+01
   6.3500000e+02   1.5300000e+02   3.0000000e+01   3.0000000e+01
   6.2100000e+02   1.8100000e+02   2.4000000e+01   2.4000000e+01
   5.5800000e+02   1.5700000e+02   3.3000000e+01   3.3000000e+01
   3.7700000e+02   1.6800000e+02   5.2000000e+01   5.2000000e+01
   2.6200000e+02   1.8300000e+02   4.5000000e+01   4.5000000e+01
   4.8000000e+02   1.9600000e+02   2.9000000e+01   2.9000000e+01
   1.7900000e+02   8.8000000e+01   3.9000000e+01   3.9000000e+01
   5.3000000e+01   1.3100000e+02   3.6000000e+01   3.6000000e+01
   2.9900000e+02   1.9200000e+02   3.8000000e+01   3.8000000e+01
   3.3100000e+02   1.4800000e+02   4.3000000e+01   4.3000000e+01
   4.2400000e+02   2.0100000e+02   4.7000000e+01   4.7000000e+01
   5.8200000e+02   2.5600000e+02   4.9000000e+01   4.9000000e+01
   7.9000000e+01   1.1200000e+02   4.5000000e+01   4.5000000e+01
   6.6300000e+02   1.9200000e+02   4.8000000e+01   4.8000000e+01
   3.2800000e+02   1.9400000e+02   6.4000000e+01   6.4000000e+01
