   2.2500000e+02   6.0000000e+01   2.3000000e+01   2.3000000e+01
   1.6200000e+02   6.7000000e+01   2.1000000e+01   2.1000000e+01
   1.1500000e+02   7.2000000e+01   2.3000000e+01   2.3000000e+01
   3.0000000e+02   7.2000000e+01   2.6000000e+01   2.6000000e+01
   5.0100000e+02   8.0000000e+01   2.5000000e+01   2.5000000e+01
   1.6000000e+02   8.1000000e+01   2.1000000e+01   2.1000000e+01
   4.9000000e+01   8.9000000e+01   2.4000000e+01   2.4000000e+01
   5.6800000e+02   8.8000000e+01   2.2000000e+01   2.2000000e+01
   5.3400000e+02   9.0000000e+01   2.6000000e+01   2.6000000e+01
   2.5900000e+02   9.5000000e+01   2.5000000e+01   2.5000000e+01
   8.2000000e+01   9.6000000e+01   2.4000000e+01   2.4000000e+01
   1.9500000e+02   9.4000000e+01   1.8000000e+01   1.8000000e+01
   6.0300000e+02   9.8000000e+01   2.3000000e+01   2.3000000e+01
   4.6500000e+02   1.0100000e+02   2.4000000e+01   2.4000000e+01
   4.4800000e+02   1.0500000e+02   2.4000000e+01   2.4000000e+01
   1.3200000e+02   1.0600000e+02   2.8000000e+01   2.8000000e+01
   5.6100000e+02   1.0700000e+02   2.1000000e+01   2.1000000e+01
   2.7000000e+01   1.2300000e+02   2.8000000e+01   2.8000000e+01
   3.2300000e+02   1.2900000e+02   1.9000000e+01   1.9000000e+01
   6.1400000e+02   1.2800000e+02   1.9000000e+01   1.9000000e+01
   5.4200000e+02   1.3400000e+02   2.4000000e+01   2.4000000e+01
   3.6000000e+02   1.4100000e+02   2.9000000e+01   2.9000000e+01
   6.6300000e+02   1.4400000e+02   1.8000000e+01   1.8000000e+01
   8.4000000e+01   1.4400000e+02   2.5000000e+01   2.5000000e+01
   6.4100000e+02   1.5400000e+02   3.0000000e+01   3.0000000e+01
   4.8800000e+02   1.8600000e+02   2.2000000e+01   2.2000000e+01
   5.4400000e+02   1.9700000e+02   1.8000000e+01   1.8000000e+01
   4.9800000e+02   2.2100000e+02   2.4000000e+01   2.4000000e+01
   5.2000000e+02   2.8700000e+02   1.9000000e+01   1.9000000e+01
   3.3000000e+02   2.4000000e+02   1.9000000e+01   1.9000000e+01
   6.7800000e+02   2.6400000e+02   1.8000000e+01   1.8000000e+01
   5.1900000e+02   3.1100000e+02   2.4000000e+01   2.4000000e+01
   4.0200000e+02   1.1200000e+02   2.8000000e+01   2.8000000e+01
   6.8100000e+02   1.9500000e+02   2.9000000e+01   2.9000000e+01
   1.2500000e+02   1.3800000e+02   3.6000000e+01   3.6000000e+01
   6.2100000e+02   1.7200000e+02   3.3000000e+01   3.3000000e+01
   5.9900000e+02   2.0500000e+02   3.6000000e+01   3.6000000e+01
   4.5600000e+02   1.4300000e+02   4.5000000e+01   4.5000000e+01
   3.8700000e+02   1.6200000e+02   4.0000000e+01   4.0000000e+01
   4.2000000e+01   1.3000000e+02   3.5000000e+01   3.5000000e+01
   2.7600000e+02   1.7300000e+02   5.1000000e+01   5.1000000e+01
   5.6000000e+02   4.4600000e+02   3.7000000e+01   3.7000000e+01
   5.5100000e+02   1.5900000e+02   4.5000000e+01   4.5000000e+01
   5.7000000e+02   2.4700000e+02   5.0000000e+01   5.0000000e+01
   3.5700000e+02   2.0100000e+02   5.5000000e+01   5.5000000e+01
   4.1700000e+02   2.1500000e+02   4.9000000e+01   4.9000000e+01
