   4.4800000e+02   7.6000000e+01   1.9000000e+01   1.9000000e+01
   4.7800000e+02   8.0000000e+01   1.8000000e+01   1.8000000e+01
   6.3700000e+02   8.7000000e+01   1.8000000e+01   1.8000000e+01
   2.7100000e+02   9.4000000e+01   2.0000000e+01   2.0000000e+01
   3.0600000e+02   9.6000000e+01   2.1000000e+01   2.1000000e+01
   2.7700000e+02   1.1000000e+02   2.2000000e+01   2.2000000e+01
   2.9700000e+02   1.1100000e+02   2.1000000e+01   2.1000000e+01
   6.5000000e+02   4.0700000e+02   3.0000000e+01   3.0000000e+01
   4.6500000e+02   1.1800000e+02   2.1000000e+01   2.1000000e+01
   2.6000000e+02   1.2600000e+02   2.1000000e+01   2.1000000e+01
   5.0400000e+02   1.2800000e+02   2.1000000e+01   2.1000000e+01
   5.5100000e+02   1.2900000e+02   2.2000000e+01   2.2000000e+01
   5.8200000e+02   1.3000000e+02   2.2000000e+01   2.2000000e+01
   1.6400000e+02   1.3900000e+02   1.9000000e+01   1.9000000e+01
   2.0400000e+02   1.5000000e+02   2.1000000e+01   2.1000000e+01
   4.9200000e+02   1.5100000e+02   2.2000000e+01   2.2000000e+01
   2.4800000e+02   1.6100000e+02   2.1000000e+01   2.1000000e+01
   2.1400000e+02   1.7000000e+02   2.1000000e+01   2.1000000e+01
   6.2900000e+02   4.4600000e+02   1.9000000e+01   1.9000000e+01
   1.9400000e+02   1.7400000e+02   2.0000000e+01   2.0000000e+01
   5.6100000e+02   1.8000000e+02   2.1000000e+01   2.1000000e+01
   2.8600000e+02   1.9600000e+02   2.2000000e+01   2.2000000e+01
   2.3400000e+02   1.9600000e+02   2.2000000e+01   2.2000000e+01
   5.9400000e+02   2.1300000e+02   2.3000000e+01   2.3000000e+01
   5.5800000e+02   2.1500000e+02   2.4000000e+01   2.4000000e+01
   1.8000000e+02   2.1800000e+02   2.0000000e+01   2.0000000e+01
   3.1900000e+02   5.0000000e+02   2.2000000e+01   2.2000000e+01
   6.4800000e+02   2.2100000e+02   1.8000000e+01   1.8000000e+01
   1.1700000e+02   2.4900000e+02   2.4000000e+01   2.4000000e+01
   5.8200000e+02   2.5300000e+02   2.7000000e+01   2.7000000e+01
   4.5300000e+02   2.7100000e+02   2.1000000e+01   2.1000000e+01
   1.2700000e+02   3.0200000e+02   2.4000000e+01   2.4000000e+01
   7.6000000e+01   3.0100000e+02   2.7000000e+01   2.7000000e+01
   1.0900000e+02   2.9000000e+02   2.0000000e+01   2.0000000e+01
   4.4400000e+02   2.8800000e+02   2.1000000e+01   2.1000000e+01
   2.0000000e+02   3.0700000e+02   2.4000000e+01   2.4000000e+01
   4.9200000e+02   2.9400000e+02   1.8000000e+01   1.8000000e+01
   6.3900000e+02   2.6500000e+02   2.2000000e+01   2.2000000e+01
   6.1600000e+02   3.2700000e+02   2.1000000e+01   2.1000000e+01
   5.6700000e+02   4.0700000e+02   3.5000000e+01   3.5000000e+01
   5.8700000e+02   4.8800000e+02   2.1000000e+01   2.1000000e+01
   5.0100000e+02   4.0000000e+02   3.9000000e+01   3.9000000e+01
   1.6600000e+02   1.7800000e+02   2.7000000e+01   2.7000000e+01
   5.2300000e+02   2.5200000e+02   2.5000000e+01   2.5000000e+01
   4.6500000e+02   2.5100000e+02   2.9000000e+01   2.9000000e+01
   4.8100000e+02   1.6600000e+02   2.8000000e+01   2.8000000e+01
   1.3000000e+02   4.1900000e+02   3.5000000e+01   3.5000000e+01
   6.2900000e+02   2.8100000e+02   3.0000000e+01   3.0000000e+01
   5.7900000e+02   4.2300000e+02   3.9000000e+01   3.9000000e+01
   7.0000000e+01   3.1200000e+02   4.5000000e+01   4.5000000e+01
   2.6100000e+02   4.2600000e+02   4.6000000e+01   4.6000000e+01
