   3.2400000e+02   6.3000000e+01   2.1000000e+01   2.1000000e+01
   4.9400000e+02   9.3000000e+01   2.4000000e+01   2.4000000e+01
   1.6200000e+02   9.9000000e+01   2.3000000e+01   2.3000000e+01
   1.7500000e+02   1.0800000e+02   1.9000000e+01   1.9000000e+01
   2.4500000e+02   1.1000000e+02   2.4000000e+01   2.4000000e+01
   5.1300000e+02   1.1900000e+02   2.2000000e+01   2.2000000e+01
   6.0600000e+02   1.2000000e+02   1.9000000e+01   1.9000000e+01
   6.9000000e+01   1.2300000e+02   2.4000000e+01   2.4000000e+01
   1.3500000e+02   1.2100000e+02   2.5000000e+01   2.5000000e+01
   6.6000000e+02   1.6100000e+02   2.7000000e+01   2.7000000e+01
   2.8800000e+02   1.7400000e+02   3.0000000e+01   3.0000000e+01
   3.3400000e+02   2.1600000e+02   2.5000000e+01   2.5000000e+01
   3.8400000e+02   9.9000000e+01   3.6000000e+01   3.6000000e+01
   3.5100000e+02   1.5800000e+02   3.3000000e+01   3.3000000e+01
   6.0600000e+02   2.8500000e+02   4.2000000e+01   4.2000000e+01
