   1.1600000e+02   3.0000000e+01   2.2000000e+01   2.2000000e+01
   3.8500000e+02   8.1000000e+01   1.8000000e+01   1.8000000e+01
   2.7000000e+02   8.5000000e+01   2.1000000e+01   2.1000000e+01
   2.4000000e+02   1.4300000e+02   2.4000000e+01   2.4000000e+01
   2.2200000e+02   1.7700000e+02   2.1000000e+01   2.1000000e+01
   1.7200000e+02   1.9900000e+02   2.4000000e+01   2.4000000e+01
   2.1200000e+02   2.5500000e+02   2.2000000e+01   2.2000000e+01
   3.8400000e+02   1.9900000e+02   2.7000000e+01   2.7000000e+01
   3.9300000e+02   3.1200000e+02   3.9000000e+01   3.9000000e+01
   3.6000000e+01   4.4200000e+02   4.1000000e+01   4.1000000e+01
   5.9700000e+02   4.0800000e+02   3.7000000e+01   3.7000000e+01
   2.3500000e+02   1.5600000e+02   3.6000000e+01   3.6000000e+01
   2.0500000e+02   2.5600000e+02   3.6000000e+01   3.6000000e+01
