   4.3200000e+02   1.2600000e+02   2.3000000e+01   2.3000000e+01
   4.7400000e+02   1.2700000e+02   2.1000000e+01   2.1000000e+01
   3.1900000e+02   1.6400000e+02   2.3000000e+01   2.3000000e+01
   2.8600000e+02   1.7900000e+02   2.1000000e+01   2.1000000e+01
   2.4900000e+02   1.9000000e+02   2.4000000e+01   2.4000000e+01
   4.1000000e+02   1.9800000e+02   2.1000000e+01   2.1000000e+01
   6.3000000e+02   2.1000000e+02   2.4000000e+01   2.4000000e+01
   6.0000000e+02   2.2600000e+02   2.0000000e+01   2.0000000e+01
   1.7500000e+02   2.3000000e+02   3.0000000e+01   3.0000000e+01
   1.0800000e+02   2.3400000e+02   2.4000000e+01   2.4000000e+01
   1.8000000e+02   2.6700000e+02   1.9000000e+01   1.9000000e+01
   1.9600000e+02   2.9800000e+02   2.5000000e+01   2.5000000e+01
   3.6000000e+02   3.9600000e+02   2.0000000e+01   2.0000000e+01
   3.9900000e+02   4.1600000e+02   1.8000000e+01   1.8000000e+01
   3.3800000e+02   1.6500000e+02   2.8000000e+01   2.8000000e+01
   4.1100000e+02   2.4900000e+02   3.3000000e+01   3.3000000e+01
   2.7600000e+02   2.0600000e+02   3.3000000e+01   3.3000000e+01
   4.1500000e+02   2.7900000e+02   4.2000000e+01   4.2000000e+01
   2.2900000e+02   2.1100000e+02   5.1000000e+01   5.1000000e+01
   2.0900000e+02   2.5800000e+02   4.6000000e+01   4.6000000e+01
   3.7300000e+02   2.7900000e+02   5.1000000e+01   5.1000000e+01
