   3.7800000e+02   1.4100000e+02   1.9000000e+01   1.9000000e+01
   4.5500000e+02   1.4400000e+02   2.1000000e+01   2.1000000e+01
   3.9300000e+02   1.5000000e+02   2.0000000e+01   2.0000000e+01
   3.1500000e+02   2.3700000e+02   2.4000000e+01   2.4000000e+01
   5.4900000e+02   1.5700000e+02   1.9000000e+01   1.9000000e+01
   5.0600000e+02   1.5900000e+02   2.0000000e+01   2.0000000e+01
   5.8400000e+02   1.6100000e+02   2.3000000e+01   2.3000000e+01
   6.3600000e+02   1.6800000e+02   1.8000000e+01   1.8000000e+01
   3.2400000e+02   1.6600000e+02   2.1000000e+01   2.1000000e+01
   3.5000000e+02   1.7200000e+02   1.8000000e+01   1.8000000e+01
   5.3100000e+02   1.7100000e+02   2.1000000e+01   2.1000000e+01
   6.1400000e+02   1.7000000e+02   2.1000000e+01   2.1000000e+01
   2.3400000e+02   1.7700000e+02   2.1000000e+01   2.1000000e+01
   2.5700000e+02   1.8100000e+02   2.0000000e+01   2.0000000e+01
   2.8500000e+02   1.8000000e+02   2.1000000e+01   2.1000000e+01
   3.6900000e+02   1.8000000e+02   2.1000000e+01   2.1000000e+01
   3.9900000e+02   1.7900000e+02   2.1000000e+01   2.1000000e+01
   1.8900000e+02   1.9000000e+02   2.0000000e+01   2.0000000e+01
   1.7200000e+02   1.9100000e+02   2.1000000e+01   2.1000000e+01
   2.1400000e+02   1.9300000e+02   2.4000000e+01   2.4000000e+01
   3.0500000e+02   1.9600000e+02   1.9000000e+01   1.9000000e+01
   5.7900000e+02   2.0100000e+02   2.5000000e+01   2.5000000e+01
   2.6700000e+02   2.0000000e+02   2.4000000e+01   2.4000000e+01
   4.9200000e+02   2.0800000e+02   1.9000000e+01   1.9000000e+01
   1.6200000e+02   2.1300000e+02   2.4000000e+01   2.4000000e+01
   1.1000000e+02   2.2200000e+02   2.3000000e+01   2.3000000e+01
   3.5200000e+02   2.2200000e+02   2.1000000e+01   2.1000000e+01
   2.1000000e+02   2.3100000e+02   1.8000000e+01   1.8000000e+01
   5.8900000e+02   2.3700000e+02   2.1000000e+01   2.1000000e+01
   2.7100000e+02   2.5500000e+02   2.4000000e+01   2.4000000e+01
   4.5100000e+02   2.8300000e+02   3.0000000e+01   3.0000000e+01
   5.0100000e+02   1.7400000e+02   2.6000000e+01   2.6000000e+01
   3.3000000e+02   2.7100000e+02   3.6000000e+01   3.6000000e+01
   5.4600000e+02   2.0500000e+02   2.7000000e+01   2.7000000e+01
   1.8700000e+02   2.2600000e+02   2.4000000e+01   2.4000000e+01
   1.5300000e+02   2.1000000e+02   5.1000000e+01   5.1000000e+01
