   3.8300000e+02   1.4100000e+02   1.8000000e+01   1.8000000e+01
   3.9600000e+02   1.4600000e+02   2.1000000e+01   2.1000000e+01
   5.2000000e+02   1.4900000e+02   2.3000000e+01   2.3000000e+01
   3.5100000e+02   1.5300000e+02   2.0000000e+01   2.0000000e+01
   4.4200000e+02   1.5300000e+02   1.9000000e+01   1.9000000e+01
   5.1300000e+02   1.6300000e+02   2.0000000e+01   2.0000000e+01
   5.5800000e+02   1.6900000e+02   2.1000000e+01   2.1000000e+01
   6.5700000e+02   1.7000000e+02   2.1000000e+01   2.1000000e+01
   3.3800000e+02   1.7300000e+02   1.8000000e+01   1.8000000e+01
   5.9900000e+02   1.7700000e+02   1.9000000e+01   1.9000000e+01
   2.7400000e+02   1.8100000e+02   1.8000000e+01   1.8000000e+01
   5.0800000e+02   1.8300000e+02   2.1000000e+01   2.1000000e+01
   2.3900000e+02   1.9300000e+02   2.1000000e+01   2.1000000e+01
   6.4600000e+02   1.9300000e+02   1.9000000e+01   1.9000000e+01
   1.8600000e+02   1.9500000e+02   2.3000000e+01   2.3000000e+01
   2.2000000e+02   1.9700000e+02   1.9000000e+01   1.9000000e+01
   1.6700000e+02   2.0700000e+02   2.3000000e+01   2.3000000e+01
   2.0400000e+02   2.0600000e+02   2.3000000e+01   2.3000000e+01
   5.4400000e+02   2.1000000e+02   2.1000000e+01   2.1000000e+01
   8.7000000e+01   2.1600000e+02   2.1000000e+01   2.1000000e+01
   1.2900000e+02   2.1500000e+02   2.2000000e+01   2.2000000e+01
   2.2400000e+02   2.2100000e+02   1.9000000e+01   1.9000000e+01
   2.0700000e+02   2.2300000e+02   2.0000000e+01   2.0000000e+01
   5.3700000e+02   2.2600000e+02   2.0000000e+01   2.0000000e+01
   6.9000000e+01   2.3100000e+02   2.9000000e+01   2.9000000e+01
   2.6000000e+02   4.1000000e+02   2.0000000e+01   2.0000000e+01
   1.8900000e+02   2.4900000e+02   2.4000000e+01   2.4000000e+01
   4.1100000e+02   2.5000000e+02   2.1000000e+01   2.1000000e+01
   6.1500000e+02   2.4900000e+02   2.2000000e+01   2.2000000e+01
   2.6800000e+02   2.5500000e+02   2.1000000e+01   2.1000000e+01
   5.4300000e+02   2.5500000e+02   2.4000000e+01   2.4000000e+01
   5.4100000e+02   2.6900000e+02   2.0000000e+01   2.0000000e+01
   3.8300000e+02   2.7800000e+02   2.7000000e+01   2.7000000e+01
   4.9600000e+02   2.8100000e+02   2.7000000e+01   2.7000000e+01
   5.6100000e+02   3.0200000e+02   2.8000000e+01   2.8000000e+01
   3.8900000e+02   3.0600000e+02   2.7000000e+01   2.7000000e+01
   4.8400000e+02   3.2300000e+02   1.9000000e+01   1.9000000e+01
   3.1300000e+02   1.6600000e+02   2.4000000e+01   2.4000000e+01
   2.5500000e+02   1.8700000e+02   2.3000000e+01   2.3000000e+01
   4.9400000e+02   2.0900000e+02   2.7000000e+01   2.7000000e+01
   2.4300000e+02   2.1100000e+02   2.4000000e+01   2.4000000e+01
   2.0400000e+02   2.5100000e+02   2.2000000e+01   2.2000000e+01
   4.4000000e+02   2.1900000e+02   2.3000000e+01   2.3000000e+01
   4.5300000e+02   2.8500000e+02   2.9000000e+01   2.9000000e+01
   3.4100000e+02   2.6500000e+02   2.7000000e+01   2.7000000e+01
   3.8100000e+02   2.0600000e+02   2.4000000e+01   2.4000000e+01
   5.8500000e+02   2.0900000e+02   2.6000000e+01   2.6000000e+01
   3.5400000e+02   3.0600000e+02   3.4000000e+01   3.4000000e+01
   5.7600000e+02   2.3200000e+02   2.6000000e+01   2.6000000e+01
   4.9600000e+02   3.1500000e+02   3.3000000e+01   3.3000000e+01
   3.0200000e+02   2.5100000e+02   3.6000000e+01   3.6000000e+01
   5.1600000e+02   3.3900000e+02   4.2000000e+01   4.2000000e+01
   2.1800000e+02   2.1300000e+02   3.1000000e+01   3.1000000e+01
   2.7200000e+02   2.8800000e+02   3.6000000e+01   3.6000000e+01
   4.7500000e+02   3.3700000e+02   4.0000000e+01   4.0000000e+01
