   3.2400000e+02   6.4000000e+01   1.9000000e+01   1.9000000e+01
   3.8200000e+02   9.3000000e+01   3.2000000e+01   3.2000000e+01
   1.6100000e+02   9.9000000e+01   2.3000000e+01   2.3000000e+01
   4.9700000e+02   9.6000000e+01   2.5000000e+01   2.5000000e+01
   2.4000000e+02   1.0800000e+02   2.3000000e+01   2.3000000e+01
   1.3300000e+02   1.1500000e+02   2.5000000e+01   2.5000000e+01
   5.1500000e+02   1.1900000e+02   2.1000000e+01   2.1000000e+01
   6.0500000e+02   1.2100000e+02   2.4000000e+01   2.4000000e+01
   6.9000000e+01   1.2600000e+02   2.3000000e+01   2.3000000e+01
   6.5900000e+02   1.4200000e+02   2.3000000e+01   2.3000000e+01
   3.6700000e+02   1.5300000e+02   3.1000000e+01   3.1000000e+01
   2.8700000e+02   1.7500000e+02   2.9000000e+01   2.9000000e+01
   2.7000000e+02   3.2800000e+02   1.9000000e+01   1.9000000e+01
   1.7700000e+02   1.1000000e+02   1.9000000e+01   1.9000000e+01
   1.8500000e+02   1.7900000e+02   2.3000000e+01   2.3000000e+01
   2.0600000e+02   1.8400000e+02   2.5000000e+01   2.5000000e+01
   3.3300000e+02   2.1400000e+02   2.8000000e+01   2.8000000e+01
   6.0800000e+02   2.8200000e+02   4.4000000e+01   4.4000000e+01
