   5.1300000e+02   1.6400000e+02   2.0000000e+01   2.0000000e+01
   5.5900000e+02   1.6700000e+02   2.4000000e+01   2.4000000e+01
   5.8000000e+02   1.6500000e+02   2.1000000e+01   2.1000000e+01
   5.9600000e+02   1.6900000e+02   1.9000000e+01   1.9000000e+01
   6.6300000e+02   1.7600000e+02   1.9000000e+01   1.9000000e+01
   2.6100000e+02   1.7700000e+02   2.1000000e+01   2.1000000e+01
   6.2100000e+02   1.8000000e+02   1.9000000e+01   1.9000000e+01
   5.1000000e+02   1.8100000e+02   2.1000000e+01   2.1000000e+01
   3.3300000e+02   1.8100000e+02   2.1000000e+01   2.1000000e+01
   5.4200000e+02   1.8300000e+02   2.0000000e+01   2.0000000e+01
   5.7800000e+02   1.8600000e+02   2.4000000e+01   2.4000000e+01
   3.8200000e+02   1.3900000e+02   1.9000000e+01   1.9000000e+01
   6.5000000e+02   1.9200000e+02   1.9000000e+01   1.9000000e+01
   1.8700000e+02   1.9600000e+02   2.2000000e+01   2.2000000e+01
   2.0900000e+02   1.9500000e+02   2.1000000e+01   2.1000000e+01
   5.6100000e+02   1.9600000e+02   1.9000000e+01   1.9000000e+01
   5.2500000e+02   1.5600000e+02   2.1000000e+01   2.1000000e+01
   1.6800000e+02   2.0900000e+02   2.3000000e+01   2.3000000e+01
   2.6900000e+02   2.1100000e+02   1.8000000e+01   1.8000000e+01
   4.5000000e+02   2.0800000e+02   2.5000000e+01   2.5000000e+01
   1.2900000e+02   2.1400000e+02   2.3000000e+01   2.3000000e+01
   2.0100000e+02   2.1000000e+02   2.1000000e+01   2.1000000e+01
   6.3900000e+02   2.1300000e+02   1.9000000e+01   1.9000000e+01
   5.4000000e+02   2.1900000e+02   2.0000000e+01   2.0000000e+01
   8.4000000e+01   2.2300000e+02   2.2000000e+01   2.2000000e+01
   5.6400000e+02   2.2200000e+02   2.3000000e+01   2.3000000e+01
   4.3400000e+02   2.2500000e+02   2.0000000e+01   2.0000000e+01
   5.9000000e+02   2.2400000e+02   3.3000000e+01   3.3000000e+01
   6.2700000e+02   2.2900000e+02   2.2000000e+01   2.2000000e+01
   6.4000000e+01   2.3400000e+02   2.2000000e+01   2.2000000e+01
   9.5000000e+01   2.3500000e+02   2.2000000e+01   2.2000000e+01
   1.5900000e+02   2.4500000e+02   2.7000000e+01   2.7000000e+01
   1.8700000e+02   2.4600000e+02   2.8000000e+01   2.8000000e+01
   4.0900000e+02   2.4800000e+02   2.0000000e+01   2.0000000e+01
   5.4300000e+02   2.5800000e+02   2.4000000e+01   2.4000000e+01
   6.0600000e+02   2.6200000e+02   1.9000000e+01   1.9000000e+01
   2.1000000e+02   2.5600000e+02   2.2000000e+01   2.2000000e+01
   4.6500000e+02   2.6500000e+02   2.6000000e+01   2.6000000e+01
   5.6400000e+02   3.0000000e+02   2.3000000e+01   2.3000000e+01
   5.0700000e+02   2.8500000e+02   2.9000000e+01   2.9000000e+01
   3.7500000e+02   1.5300000e+02   2.1000000e+01   2.1000000e+01
   3.9200000e+02   1.6200000e+02   2.2000000e+01   2.2000000e+01
   3.7200000e+02   1.7300000e+02   2.1000000e+01   2.1000000e+01
   2.0300000e+02   3.0000000e+02   2.4000000e+01   2.4000000e+01
   2.4300000e+02   2.1900000e+02   1.9000000e+01   1.9000000e+01
   9.8000000e+01   2.4300000e+02   2.9000000e+01   2.9000000e+01
   3.8000000e+02   2.1000000e+02   2.4000000e+01   2.4000000e+01
   3.4900000e+02   3.1300000e+02   3.6000000e+01   3.6000000e+01
   4.4900000e+02   2.9400000e+02   2.4000000e+01   2.4000000e+01
   5.6000000e+02   3.6200000e+02   2.7000000e+01   2.7000000e+01
   4.6500000e+02   2.9900000e+02   4.1000000e+01   4.1000000e+01
   3.0700000e+02   2.4400000e+02   3.9000000e+01   3.9000000e+01
   3.5400000e+02   2.5000000e+02   3.5000000e+01   3.5000000e+01
   2.7500000e+02   2.8200000e+02   3.8000000e+01   3.8000000e+01
   4.0400000e+02   2.9100000e+02   3.5000000e+01   3.5000000e+01
   2.8100000e+02   2.9500000e+02   5.7000000e+01   5.7000000e+01
