   5.9400000e+02   3.3400000e+02   1.9000000e+01   1.9000000e+01
   2.7100000e+02   1.2200000e+02   2.1000000e+01   2.1000000e+01
   4.0000000e+01   1.7200000e+02   2.2000000e+01   2.2000000e+01
   1.8300000e+02   1.8900000e+02   2.3000000e+01   2.3000000e+01
   4.0700000e+02   1.9500000e+02   1.9000000e+01   1.9000000e+01
   2.9400000e+02   2.0400000e+02   1.9000000e+01   1.9000000e+01
   3.1100000e+02   2.0400000e+02   2.9000000e+01   2.9000000e+01
   4.7900000e+02   2.0700000e+02   2.1000000e+01   2.1000000e+01
   4.6400000e+02   2.2200000e+02   2.1000000e+01   2.1000000e+01
   6.0900000e+02   2.4600000e+02   2.1000000e+01   2.1000000e+01
   3.1500000e+02   2.6600000e+02   2.3000000e+01   2.3000000e+01
   3.8000000e+02   3.0900000e+02   1.8000000e+01   1.8000000e+01
   2.9100000e+02   2.8500000e+02   2.0000000e+01   2.0000000e+01
   3.6500000e+02   3.1900000e+02   1.9000000e+01   1.9000000e+01
   2.2500000e+02   2.2900000e+02   2.9000000e+01   2.9000000e+01
   3.8400000e+02   2.4600000e+02   2.7000000e+01   2.7000000e+01
   4.0300000e+02   2.9700000e+02   4.0000000e+01   4.0000000e+01
   2.5800000e+02   2.1400000e+02   3.6000000e+01   3.6000000e+01
   1.7700000e+02   3.8100000e+02   3.6000000e+01   3.6000000e+01
   3.9000000e+02   2.9400000e+02   6.0000000e+01   6.0000000e+01
