   3.2700000e+02   3.3000000e+02   2.5000000e+01   2.5000000e+01
   5.2500000e+02   3.3600000e+02   2.5000000e+01   2.5000000e+01
   2.4300000e+02   2.5400000e+02   2.1000000e+01   2.1000000e+01
   3.0600000e+02   2.5900000e+02   2.1000000e+01   2.1000000e+01
   3.4100000e+02   2.5700000e+02   2.1000000e+01   2.1000000e+01
   3.9000000e+02   2.6500000e+02   2.4000000e+01   2.4000000e+01
   1.7800000e+02   2.7400000e+02   1.9000000e+01   1.9000000e+01
   5.0600000e+02   2.7100000e+02   2.2000000e+01   2.2000000e+01
   3.6700000e+02   2.7600000e+02   2.4000000e+01   2.4000000e+01
   5.2000000e+01   2.7900000e+02   2.3000000e+01   2.3000000e+01
   1.0500000e+02   2.8100000e+02   2.2000000e+01   2.2000000e+01
   3.3500000e+02   2.7600000e+02   2.5000000e+01   2.5000000e+01
   5.3200000e+02   2.8200000e+02   2.1000000e+01   2.1000000e+01
   3.8600000e+02   2.8400000e+02   1.9000000e+01   1.9000000e+01
   4.5300000e+02   2.8200000e+02   2.7000000e+01   2.7000000e+01
   5.7300000e+02   2.8800000e+02   2.0000000e+01   2.0000000e+01
   4.1200000e+02   2.9100000e+02   2.4000000e+01   2.4000000e+01
   4.7500000e+02   2.9100000e+02   2.3000000e+01   2.3000000e+01
   8.3000000e+01   3.0200000e+02   2.3000000e+01   2.3000000e+01
   1.8100000e+02   3.0600000e+02   2.1000000e+01   2.1000000e+01
   5.6400000e+02   3.0300000e+02   2.0000000e+01   2.0000000e+01
   1.5600000e+02   3.0900000e+02   2.4000000e+01   2.4000000e+01
   6.0100000e+02   3.1200000e+02   2.3000000e+01   2.3000000e+01
   3.6800000e+02   3.1600000e+02   2.4000000e+01   2.4000000e+01
   1.4600000e+02   2.6400000e+02   2.3000000e+01   2.3000000e+01
   2.8100000e+02   2.7200000e+02   2.3000000e+01   2.3000000e+01
   2.4800000e+02   2.8200000e+02   2.2000000e+01   2.2000000e+01
   2.1600000e+02   3.2400000e+02   3.0000000e+01   3.0000000e+01
   4.6200000e+02   3.3200000e+02   2.3000000e+01   2.3000000e+01
   5.4500000e+02   3.6600000e+02   3.1000000e+01   3.1000000e+01
   5.4000000e+01   3.0800000e+02   2.7000000e+01   2.7000000e+01
   3.4600000e+02   3.3700000e+02   2.7000000e+01   2.7000000e+01
   3.7900000e+02   3.6400000e+02   3.0000000e+01   3.0000000e+01
   1.0200000e+02   3.0400000e+02   3.0000000e+01   3.0000000e+01
   4.8300000e+02   3.8100000e+02   3.6000000e+01   3.6000000e+01
   1.9800000e+02   2.5900000e+02   2.7000000e+01   2.7000000e+01
   5.7000000e+02   4.2000000e+02   3.8000000e+01   3.8000000e+01
   4.9500000e+02   2.8700000e+02   3.6000000e+01   3.6000000e+01
   2.6600000e+02   2.9100000e+02   3.3000000e+01   3.3000000e+01
   2.7900000e+02   3.1600000e+02   3.5000000e+01   3.5000000e+01
   4.0000000e+02   3.3000000e+02   6.6000000e+01   6.6000000e+01
