   2.4000000e+02   2.5500000e+02   1.8000000e+01   1.8000000e+01
   3.0900000e+02   2.5700000e+02   2.0000000e+01   2.0000000e+01
   2.8300000e+02   2.5800000e+02   1.9000000e+01   1.9000000e+01
   3.2900000e+02   2.6000000e+02   2.3000000e+01   2.3000000e+01
   1.8500000e+02   2.6900000e+02   2.1000000e+01   2.1000000e+01
   1.3900000e+02   2.7100000e+02   2.7000000e+01   2.7000000e+01
   2.2900000e+02   2.7300000e+02   2.1000000e+01   2.1000000e+01
   2.6100000e+02   2.7600000e+02   2.1000000e+01   2.1000000e+01
   4.8000000e+01   2.7900000e+02   2.2000000e+01   2.2000000e+01
   3.6200000e+02   2.7900000e+02   2.3000000e+01   2.3000000e+01
   4.4900000e+02   2.8200000e+02   2.4000000e+01   2.4000000e+01
   3.2100000e+02   3.2900000e+02   2.4000000e+01   2.4000000e+01
   1.0800000e+02   2.8100000e+02   2.1000000e+01   2.1000000e+01
   1.8000000e+02   2.8100000e+02   2.2000000e+01   2.2000000e+01
   5.0900000e+02   2.8200000e+02   2.1000000e+01   2.1000000e+01
   5.3400000e+02   2.8200000e+02   2.3000000e+01   2.3000000e+01
   5.2000000e+02   3.3900000e+02   2.4000000e+01   2.4000000e+01
   4.8000000e+02   2.9200000e+02   2.1000000e+01   2.1000000e+01
   5.7700000e+02   2.9300000e+02   2.0000000e+01   2.0000000e+01
   4.2000000e+02   3.5100000e+02   2.0000000e+01   2.0000000e+01
   1.9200000e+02   3.0100000e+02   2.2000000e+01   2.2000000e+01
   6.1200000e+02   3.0500000e+02   2.2000000e+01   2.2000000e+01
   7.0000000e+01   3.0900000e+02   1.9000000e+01   1.9000000e+01
   1.4900000e+02   3.0600000e+02   2.1000000e+01   2.1000000e+01
   6.2100000e+02   3.6600000e+02   1.8000000e+01   1.8000000e+01
   2.6000000e+02   3.6600000e+02   2.2000000e+01   2.2000000e+01
   4.4600000e+02   3.0600000e+02   2.1000000e+01   2.1000000e+01
   3.9000000e+01   3.1500000e+02   1.8000000e+01   1.8000000e+01
   2.2900000e+02   3.2000000e+02   2.4000000e+01   2.4000000e+01
   6.0600000e+02   4.0000000e+02   1.9000000e+01   1.9000000e+01
   3.7200000e+02   3.1500000e+02   2.5000000e+01   2.5000000e+01
   4.5900000e+02   3.9100000e+02   2.1000000e+01   2.1000000e+01
   5.6500000e+02   3.0600000e+02   2.4000000e+01   2.4000000e+01
   4.8000000e+02   3.0600000e+02   3.0000000e+01   3.0000000e+01
   5.3500000e+02   3.2400000e+02   2.6000000e+01   2.6000000e+01
   5.4500000e+02   3.7200000e+02   2.9000000e+01   2.9000000e+01
   3.3400000e+02   2.7400000e+02   2.9000000e+01   2.9000000e+01
   4.6500000e+02   3.3100000e+02   2.7000000e+01   2.7000000e+01
   5.9100000e+02   4.2200000e+02   4.5000000e+01   4.5000000e+01
