   2.9800000e+02   2.4900000e+02   2.5000000e+01   2.5000000e+01
   2.4200000e+02   2.5500000e+02   2.1000000e+01   2.1000000e+01
   2.2100000e+02   2.5600000e+02   2.0000000e+01   2.0000000e+01
   3.3100000e+02   2.5800000e+02   2.1000000e+01   2.1000000e+01
   2.7600000e+02   2.6200000e+02   1.9000000e+01   1.9000000e+01
   3.8600000e+02   2.6100000e+02   2.4000000e+01   2.4000000e+01
   2.3100000e+02   2.7100000e+02   1.8000000e+01   1.8000000e+01
   4.6500000e+02   3.2400000e+02   2.6000000e+01   2.6000000e+01
   2.1300000e+02   2.7400000e+02   2.1000000e+01   2.1000000e+01
   3.2700000e+02   2.7300000e+02   2.1000000e+01   2.1000000e+01
   1.4100000e+02   3.3100000e+02   2.1000000e+01   2.1000000e+01
   1.1400000e+02   2.7900000e+02   2.0000000e+01   2.0000000e+01
   3.6300000e+02   2.8000000e+02   2.4000000e+01   2.4000000e+01
   4.5600000e+02   2.8300000e+02   2.4000000e+01   2.4000000e+01
   5.4100000e+02   2.8500000e+02   2.1000000e+01   2.1000000e+01
   2.5300000e+02   2.8400000e+02   1.8000000e+01   1.8000000e+01
   4.9400000e+02   2.8800000e+02   2.4000000e+01   2.4000000e+01
   3.2000000e+02   3.4800000e+02   2.1000000e+01   2.1000000e+01
   4.2000000e+01   2.9100000e+02   2.6000000e+01   2.6000000e+01
   3.1500000e+02   2.8900000e+02   2.5000000e+01   2.5000000e+01
   4.7700000e+02   2.9100000e+02   2.1000000e+01   2.1000000e+01
   5.7900000e+02   2.9100000e+02   2.0000000e+01   2.0000000e+01
   4.1700000e+02   3.5200000e+02   2.4000000e+01   2.4000000e+01
   7.4000000e+01   3.0100000e+02   2.4000000e+01   2.4000000e+01
   1.2000000e+02   2.9500000e+02   2.1000000e+01   2.1000000e+01
   5.5500000e+02   3.0300000e+02   2.1000000e+01   2.1000000e+01
   6.3900000e+02   3.0400000e+02   2.1000000e+01   2.1000000e+01
   5.1900000e+02   3.0500000e+02   2.4000000e+01   2.4000000e+01
   2.2700000e+02   3.1200000e+02   2.5000000e+01   2.5000000e+01
   6.0000000e+02   3.1200000e+02   2.2000000e+01   2.2000000e+01
   2.6000000e+02   3.6500000e+02   2.1000000e+01   2.1000000e+01
   1.6700000e+02   3.1200000e+02   2.6000000e+01   2.6000000e+01
   4.5600000e+02   3.8900000e+02   2.0000000e+01   2.0000000e+01
   5.1800000e+02   3.3500000e+02   2.4000000e+01   2.4000000e+01
   5.4300000e+02   3.7300000e+02   3.1000000e+01   3.1000000e+01
   1.3500000e+02   2.6600000e+02   3.0000000e+01   3.0000000e+01
   2.5100000e+02   2.8500000e+02   2.4000000e+01   2.4000000e+01
   3.6800000e+02   3.1800000e+02   2.8000000e+01   2.8000000e+01
   4.7400000e+02   3.6600000e+02   2.7000000e+01   2.7000000e+01
   1.8600000e+02   3.0400000e+02   2.8000000e+01   2.8000000e+01
   2.6800000e+02   2.9400000e+02   2.9000000e+01   2.9000000e+01
   1.5300000e+02   3.3500000e+02   3.1000000e+01   3.1000000e+01
   4.8400000e+02   3.8600000e+02   3.7000000e+01   3.7000000e+01
   5.9000000e+02   4.0200000e+02   5.0000000e+01   5.0000000e+01
