   3.5600000e+02   2.0000000e+02   1.9000000e+01   1.9000000e+01
   4.2000000e+02   1.4100000e+02   2.7000000e+01   2.7000000e+01
   1.4900000e+02   1.4900000e+02   2.3000000e+01   2.3000000e+01
   2.2900000e+02   1.5100000e+02   2.1000000e+01   2.1000000e+01
   9.8000000e+01   1.5900000e+02   2.3000000e+01   2.3000000e+01
   3.7200000e+02   1.5900000e+02   2.2000000e+01   2.2000000e+01
   5.6700000e+02   1.6500000e+02   2.2000000e+01   2.2000000e+01
   1.3800000e+02   1.6800000e+02   2.3000000e+01   2.3000000e+01
   6.7600000e+02   2.4100000e+02   2.2000000e+01   2.2000000e+01
   6.5200000e+02   1.7900000e+02   2.1000000e+01   2.1000000e+01
   4.5500000e+02   1.8900000e+02   1.9000000e+01   1.9000000e+01
   4.6500000e+02   2.2400000e+02   2.6000000e+01   2.6000000e+01
   1.6000000e+02   1.7700000e+02   2.4000000e+01   2.4000000e+01
   1.5400000e+02   2.0400000e+02   3.0000000e+01   3.0000000e+01
   4.3900000e+02   2.4700000e+02   3.3000000e+01   3.3000000e+01
   2.9500000e+02   2.4400000e+02   4.8000000e+01   4.8000000e+01
   6.1900000e+02   2.9400000e+02   4.5000000e+01   4.5000000e+01
   3.5200000e+02   2.2200000e+02   6.2000000e+01   6.2000000e+01
   2.2900000e+02   2.4800000e+02   5.8000000e+01   5.8000000e+01
