   3.0600000e+02   1.1300000e+02   2.1000000e+01   2.1000000e+01
   2.4500000e+02   1.2700000e+02   2.0000000e+01   2.0000000e+01
   3.8800000e+02   1.3000000e+02   2.2000000e+01   2.2000000e+01
   4.3700000e+02   1.2900000e+02   2.2000000e+01   2.2000000e+01
   1.8300000e+02   1.3800000e+02   2.1000000e+01   2.1000000e+01
   2.0900000e+02   1.3900000e+02   2.2000000e+01   2.2000000e+01
   5.1200000e+02   1.4700000e+02   2.1000000e+01   2.1000000e+01
   1.1900000e+02   1.5200000e+02   2.4000000e+01   2.4000000e+01
   2.8100000e+02   1.5500000e+02   2.3000000e+01   2.3000000e+01
   1.4400000e+02   1.5800000e+02   2.4000000e+01   2.4000000e+01
   5.3400000e+02   1.5600000e+02   2.1000000e+01   2.1000000e+01
   1.6200000e+02   1.5900000e+02   2.6000000e+01   2.6000000e+01
   4.7300000e+02   1.6000000e+02   2.4000000e+01   2.4000000e+01
   4.7000000e+01   1.6300000e+02   2.3000000e+01   2.3000000e+01
   3.2100000e+02   1.6300000e+02   2.4000000e+01   2.4000000e+01
   5.0300000e+02   1.6400000e+02   2.5000000e+01   2.5000000e+01
   5.7900000e+02   1.6500000e+02   2.8000000e+01   2.8000000e+01
   6.1500000e+02   1.6400000e+02   2.4000000e+01   2.4000000e+01
   2.0800000e+02   1.6800000e+02   2.0000000e+01   2.0000000e+01
   6.4000000e+01   1.7100000e+02   2.7000000e+01   2.7000000e+01
   2.5400000e+02   1.7400000e+02   2.0000000e+01   2.0000000e+01
   6.1200000e+02   1.7700000e+02   2.0000000e+01   2.0000000e+01
   6.5500000e+02   1.7500000e+02   2.4000000e+01   2.4000000e+01
   3.9300000e+02   1.8700000e+02   2.1000000e+01   2.1000000e+01
   6.7200000e+02   1.9100000e+02   2.4000000e+01   2.4000000e+01
   4.8000000e+02   2.1500000e+02   2.1000000e+01   2.1000000e+01
   4.6800000e+02   2.9800000e+02   2.1000000e+01   2.1000000e+01
   6.2400000e+02   1.8500000e+02   2.3000000e+01   2.3000000e+01
   5.8000000e+02   2.4800000e+02   2.0000000e+01   2.0000000e+01
   5.6700000e+02   2.0400000e+02   2.5000000e+01   2.5000000e+01
   6.4300000e+02   2.0600000e+02   2.1000000e+01   2.1000000e+01
   4.1200000e+02   2.5500000e+02   2.5000000e+01   2.5000000e+01
   6.5600000e+02   2.2800000e+02   2.1000000e+01   2.1000000e+01
   6.2400000e+02   2.3100000e+02   2.2000000e+01   2.2000000e+01
   3.5100000e+02   2.4200000e+02   2.5000000e+01   2.5000000e+01
   2.3400000e+02   1.8300000e+02   2.7000000e+01   2.7000000e+01
   1.3600000e+02   2.0000000e+02   2.7000000e+01   2.7000000e+01
   2.6900000e+02   2.2800000e+02   2.8000000e+01   2.8000000e+01
   2.0500000e+02   1.6700000e+02   3.3000000e+01   3.3000000e+01
   6.1200000e+02   3.1200000e+02   4.4000000e+01   4.4000000e+01
   4.7700000e+02   2.7600000e+02   4.4000000e+01   4.4000000e+01
   2.9500000e+02   2.1700000e+02   5.3000000e+01   5.3000000e+01
