   4.0400000e+02   1.9300000e+02   2.1000000e+01   2.1000000e+01
   2.7500000e+02   1.9400000e+02   2.1000000e+01   2.1000000e+01
   3.3200000e+02   1.9200000e+02   2.2000000e+01   2.2000000e+01
   3.1200000e+02   1.9400000e+02   2.0000000e+01   2.0000000e+01
   4.2900000e+02   1.9900000e+02   2.1000000e+01   2.1000000e+01
   5.1500000e+02   1.9500000e+02   2.1000000e+01   2.1000000e+01
   5.7400000e+02   2.0100000e+02   2.2000000e+01   2.2000000e+01
   3.8300000e+02   2.0800000e+02   2.0000000e+01   2.0000000e+01
   6.4700000e+02   2.0700000e+02   2.2000000e+01   2.2000000e+01
   4.8800000e+02   2.1000000e+02   2.2000000e+01   2.2000000e+01
   2.6400000e+02   2.1400000e+02   2.2000000e+01   2.2000000e+01
   6.0500000e+02   2.1500000e+02   2.3000000e+01   2.3000000e+01
   6.7600000e+02   2.2500000e+02   2.0000000e+01   2.0000000e+01
   4.2800000e+02   2.4000000e+02   2.4000000e+01   2.4000000e+01
   1.5600000e+02   2.4600000e+02   2.7000000e+01   2.7000000e+01
   3.6000000e+02   2.8800000e+02   2.7000000e+01   2.7000000e+01
   4.7800000e+02   2.4600000e+02   2.1000000e+01   2.1000000e+01
   6.2600000e+02   2.5200000e+02   2.1000000e+01   2.1000000e+01
   6.5700000e+02   2.7800000e+02   2.5000000e+01   2.5000000e+01
   2.2100000e+02   1.9600000e+02   2.0000000e+01   2.0000000e+01
   6.0600000e+02   2.6700000e+02   2.4000000e+01   2.4000000e+01
   3.8100000e+02   2.8200000e+02   3.7000000e+01   3.7000000e+01
