   3.5100000e+02   1.8900000e+02   2.2000000e+01   2.2000000e+01
   3.1600000e+02   1.9500000e+02   2.0000000e+01   2.0000000e+01
   4.3300000e+02   1.9500000e+02   2.3000000e+01   2.3000000e+01
   5.1600000e+02   1.9800000e+02   2.0000000e+01   2.0000000e+01
   3.8700000e+02   1.9700000e+02   2.2000000e+01   2.2000000e+01
   2.7200000e+02   2.0100000e+02   2.2000000e+01   2.2000000e+01
   5.7200000e+02   2.0700000e+02   2.4000000e+01   2.4000000e+01
   6.0100000e+02   2.0700000e+02   2.4000000e+01   2.4000000e+01
   6.4900000e+02   2.0900000e+02   2.1000000e+01   2.1000000e+01
   4.9100000e+02   2.1100000e+02   2.1000000e+01   2.1000000e+01
   1.8200000e+02   2.2500000e+02   2.2000000e+01   2.2000000e+01
   3.4100000e+02   2.2400000e+02   2.1000000e+01   2.1000000e+01
   5.1500000e+02   2.2500000e+02   2.1000000e+01   2.1000000e+01
   1.6100000e+02   2.3700000e+02   2.4000000e+01   2.4000000e+01
   4.1900000e+02   2.4100000e+02   2.6000000e+01   2.6000000e+01
   4.5600000e+02   2.4900000e+02   2.3000000e+01   2.3000000e+01
   5.7600000e+02   2.4600000e+02   2.4000000e+01   2.4000000e+01
   4.1500000e+02   2.5800000e+02   2.3000000e+01   2.3000000e+01
   5.0500000e+02   2.5300000e+02   2.5000000e+01   2.5000000e+01
   3.9100000e+02   2.6500000e+02   2.5000000e+01   2.5000000e+01
   6.6300000e+02   2.7300000e+02   2.4000000e+01   2.4000000e+01
   4.0300000e+02   2.8800000e+02   2.7000000e+01   2.7000000e+01
